0
0
0
0
0
0
0
0
0
0
0
0
0
0
0
0
0
0
0
0
0
0
0
0
0
0
0
0
0
0
0
0
0
0
0
0
0
0
0
0
0
0
0
0
0
0
0
0
0
0
0
0
0
0
0
0
0
0
0
0
0
0
0
0
0
0
0
0
0
0
0
0
0
0
0
0
0
0
0
0
0
0
0
0
0
0
0
0
0
0
0
0
0
0
0
0
-3.00005
-5.00006
-5.00002
1.00002
11
13
-1.99997
-12
-8.00005
-8.00002
-7
-2
3
3
17
12
-7.99997
-7.00003
0
4.00005
1.00002
-4.00005
-7.00005
-1
4
2
-3
-5
-5
-6
12.7152
15.7152
-1.99997
-1.99997
0
0
-1.00002
-1.00002
-5.00005
-5.00005
1.00002
2.00003
1.00002
2.00003
2.00003
0.999985
-0.71524
1.28479
6.99998
4.99998
1.00002
-3.99998
-7.00002
-7.00002
-5
-1.52588e-05
5.00002
4.00002
0
2.00003
3.00002
3.99997
-6.00002
-4.99998
3
-9.00003
-6.00002
10
11
-1
-7
-3.00003
-1
1.52588e-05
4.00005
4.00003
-1
-5.00003
8.99997
12
0
-3.00002
-7.99997
-9
-3.00005
5.00005
1
-3.00005
3.00003
5.00003
2.99997
-1
-2.99997
0
0
-3.05176e-05
-3.00005
-4.00002
3.00002
8.99998
12
1.00002
-9.99997
-11
-12
-9
-1
5.00002
5
13
6.00003
-8
-5.00003
0
4.00005
3.00003
-3.00005
-5.00003
1.52588e-05
3
1
-1
-3
-3
-5.00002
5.71524
9.71526
1.99997
1.99997
0
0
0
0
-7.00002
-7.00002
0
3.00005
3.00005
2
2
1.99997
9.28474
7.28479
1
-2.00002
-3
-2.99998
-3
-2.99998
-8.99998
-7.00003
1.99998
4.00002
3.00005
4.00003
2.99998
1.99997
-8.00002
-1.99998
6.00002
-9.00003
-5.00003
10
10
-2.00002
-20
-8.00002
12
7.00005
2.00003
-2
-2
-1.52588e-05
8.99997
9.99997
0.999985
-1
-7.99995
-11
-4.00005
3.00005
7
3.99995
1.00002
3.00002
0.999985
-2
-1.99997
0
0
2.99995
-3.05176e-05
-2.99998
2.99998
7.99997
12
6
-4.99998
-12
-14
-9.99998
-0.999985
6.00002
6.99998
4
-3.99997
-8.00003
-4.00003
1.00002
4.00003
3.00002
-1.00002
2
4.00002
1
-1
-1
-1
-1
-3.00003
-0.713562
2.28647
2.99995
2.99995
0
0
0
0
-7.00002
-7.00002
0
4.00006
4.00006
2.99995
2.99995
1.99998
7.71359
3.71361
-3.00002
-4.00002
-1.99998
1
2.99998
3.00002
-6.99997
-10
-3.00002
2.00005
3.00005
3.99997
-3.05176e-05
-3.99998
-1.99998
5.99998
4.99997
-10
-8.00002
5.00003
6.00003
-6.00003
-21
-3
20
10
-3.00002
-10
-6
2
11
12
3.99995
0
-7.99997
-11
-5.00003
1.52588e-05
10
7.99998
-1.00002
1
0
-1
-1.99997
0
0
4.99995
2.99995
-0.999985
1.99998
7.99998
11
5
-3
-10
-11
-6.99997
-1.99997
3.99998
5.99997
2
-5.99997
-8.00002
-3.00003
3.00003
5.00003
2
-1
5.99998
6.99998
-1
-4
-4
-1
0
-1.00002
-2.57117
-1.57115
0
0
0
-1.00002
-1.00002
0
-5.00003
-5.00003
1
4.00005
4.00006
4.99995
3.99994
3
-2.42877
-6.42877
-3.00003
-3.00003
2.00003
7
7.99997
7
-0.999985
-9
-7.99997
-1.99994
2
3.99994
-3.00002
-9.99998
-0.999985
8.99998
4.99995
-7
-8
3.00002
5.00002
-8.00002
-12
6
18
8.00002
-7.00002
-14
-8
-1.52588e-05
11
14
7.99995
2
-7.99997
-10
-7.00002
-2.99998
6.00002
2.99998
-3.00003
0
1
1
3.05176e-05
0
0
7
4.99995
0.999985
2
7
9
-1
-6
-4
-3
-0.999985
-0.999985
-1.52588e-05
0.999985
4
-2.99998
-7.99998
-2
4
7
4
-2
5.99998
7.99998
-4
-8
-7.99998
-2.99998
0
0
0
0
-2.99995
-2.99995
-1.00002
-4.00005
-3.00003
-1
-4.00002
-3.00002
3
5.00002
5.00006
6
3.99994
3.99998
-8.99998
-12
-1.00002
0
5.00002
8.99998
8.99998
8
1
-8.99998
-11
-3.99997
5.99997
6.99995
-2.99998
-12
-10
3.99998
8
-0.999985
-3
5.99998
5.99998
-7.99998
-2
9.99998
8
4
-5
-9.99997
-7
-3.00003
7.00002
12
11
5
-6.99998
-11
-8.99997
-3.99995
-1.00003
-4.00005
-3.00002
0
3.00002
4
4.00002
0
0
9.00005
6.99998
2.99995
1
5
8
-3
-7
3
6
4
0
-4
-3
-1.99998
-7
-7.99998
-2.99997
3.99997
7.99998
7
-1
9
9.99998
-8
-11
-11
-4.99997
-1
-1
4.99997
4.99997
-3.99994
-4.99995
-4.00005
-7.00005
-5.00002
-3
-2
0
4
6
6.00005
6.00005
4.99995
3.99995
-7
-8
1
3.00003
5
4.99997
5
6
-2.99998
-12
-12
-2.00002
14
14
1.52588e-05
-11
-16
-1.00003
11
1.00003
-2
5.99997
2.99998
-8.99997
2.99998
8.99998
-3
-1.52588e-05
4
1.00002
-4
-5.00002
1.52588e-05
7
12
6
-6
-12
-11
-4.99997
-1.00003
-2.00003
-1
0
4.00002
7.99998
7.99998
0
0
11
9
3.99995
-1
1
4
-1
-1
6
5
4
4
-3
-7
-13.5712
-13.5712
-5
-1.99997
2.99998
6.00002
6
0.999985
10
8.99998
-6.00002
-3.00002
-5.99997
-11
-9.00003
-2
10.5712
7.57118
-4.99995
-8
-7.00005
-5.00002
-3
-0.999985
4
2.99998
2
3.00002
3.00003
4.00003
3.99997
2.99995
-3
-2
3
2.00002
1
0.999985
3.00002
5
-5.99998
-12
-7.00003
2.99997
16
14
-0.999985
-11
-13
-1.52588e-05
12
3.00002
-2
0.999985
-3.99997
-11
1.99995
6.00002
-8
-4.00003
9
9
0
-2.99998
-2.99995
2.99998
7.99995
2
-2
-4.99997
-13
-9.00002
2.00002
2.00002
0
0
3.99998
9.99997
10
0
0
11
10
4.99998
-2
-5
-4
1
8
4
-6
-1
11
4
-12
-20.7136
-11.7136
2.00002
2.00002
1.52588e-05
1.00003
2.99998
3.99995
4
1.00002
2.99997
14
4.00002
-19
-20
-1
13.7136
4.71359
-6.99997
-10
-7.00003
0
3.00002
4.00005
7.99998
3.99995
0
-0.999969
-2.99995
-2.00002
-1.00005
0.999985
-0.999985
2
3.99998
-1.99998
-2.99998
0
5.00002
8.99998
-6.00002
-9.99997
2
6.99997
11
6
-5.99997
-13
-10
2
12
10
3
-3
-8.99994
-11
-6.10352e-05
4.00002
-5
-5.00002
4
6
3
3.00003
4.57764e-05
2.99997
-4.57764e-05
-8
4
5.00002
-16
-12
1.00002
-0.999985
-1
1
4.99998
8.99998
9.00005
0
0
8.99994
9
6
-1
-7
-7
3
11
1
-12
-4
12
6
-13
-19.2848
-5.28477
7
3.99998
-2.99997
-2.99997
2.99997
6.99995
1
-2.99998
6.99997
18
4.99998
-20
-20
2
11.7136
0.713593
-6.99997
-8.00002
-4.00003
1.52588e-05
3.00005
4.00005
3.99995
3.99994
4
1.52588e-05
-6.99994
-9.00003
-5.00008
1.00002
3.00006
5.00002
3.99995
-2.99997
-3.99995
0
4.99997
11
-6
-12
3.00002
7
7.99997
3.99998
-4.99998
-11
-9.42882
0.571213
10
11
4.99998
-3.99998
-8.99995
-8.00002
2.99995
6
0
0
1
1
3
4.00002
1.00002
4.99998
-2.00002
-15
0
1
-20
-10
2.99998
-2
-2
2
6
8
8.00006
0
0
6.99994
7.99998
6
1
-5
-5
5
8
-2
-11
-3
8
1
-12
-11.2848
0.715195
6.99997
3.99998
-2.99998
-2.99998
2.99998
6.99998
3.99998
-1.52588e-05
3.99997
9.00003
-1
-15
-9.99995
5.99998
3.5712
-4.42879
-3.99998
-4
-1.00002
-2.99995
-1.99994
1.00002
-3.00008
2.99995
11
3.99998
-8.99995
-15
-7.00008
3.00002
5.00008
4.00003
3.99994
-0.999985
-2.99995
0
3.99997
8.99998
-0.999969
-10
-4.00002
3.00002
7
5.99998
-1
-5
-4.28642
0.713608
5.00003
4.99997
2.99997
-3.99995
-6.99997
-4.00003
3.99997
4.99998
4
7
3
0
0
0
2
11
4
-16
-11
-11
-22
-6
6.99997
1
-1
2
6.00002
8
7.00003
0
0
5.99995
7.99995
6
2
-3
-3
7
4
-7
-8
0
4
-3.99998
-11
-4.28477
4.71519
5.99997
4
-2
-2
2
6
6.99995
3.99998
0.999985
-1
-6.99995
-7.99998
1.00002
7.99995
-5.85579
-10.8557
-1
-1
0
-3.99997
-3.99997
0
-7.00006
0.999985
15
5.99998
-11
-18
-8.00002
3.99998
0.85582
-0.144196
4.99995
1
-1.99998
-1
4.00002
8.00003
11
1.52588e-05
-11
-4.00003
3.00002
4.00002
0
-1
5.28477
6.28479
1.00002
0.999985
0.999985
-2.99995
-3.99997
-1.00002
-4.00003
-3.00003
8.00002
11
3.99998
0
-2
-2.99998
5
20
10
-15
-15
-16
-21
-1.00002
6.99998
-1
1.00002
4
6.00002
7
5.99998
0
0
6
7.99995
5.99998
2
0
0
6
-1
-11
-4
3.99998
1.52588e-05
-7.99997
-7
-2.28479
3.71521
6.99997
3.99998
-2.99998
-2.99998
2.99998
6.99998
7.99995
7
0
-9.00002
-12
-1.99998
9
7.99995
-10.5674
-14.5673
-1.00002
0
-1
-4.00002
-3.00002
0
-6
0
11
3.00003
-10
-14
-5.99997
1.99997
-3.43263
-1.43262
6.99998
3.99998
-2
-2.99998
3.00002
6.99998
19
8.00006
-14
-10.0001
-2
1.00002
0
0
11.2848
11.2848
1.00002
2
1.99998
-0.999985
-1.99998
0
-12
-9.00002
10
11
4.99995
1
-1
-2.99997
3
20
11
-12
-9
-12
-19
1.99997
4
-6
3.00005
7
5.99997
6
5.99998
0
0
5.00005
7
5.99995
3.99998
4
3
1
-8
-12
1
7.99997
-2.99995
-11
-2
-3.28481
-1.28481
8.00002
3.99998
-3.99998
-3.99998
3.99998
7.99997
6.99997
7.99998
2
-13
-16
1.00002
14
6.99997
-10.4232
-12.4232
-4.00005
-2.00002
-2.99998
-3.00002
-3.05176e-05
1
3.05176e-05
-1.99998
-4
-4.99997
-4
-2.99998
-1.99998
-3.00005
-3.43263
2.56741
8.00002
6.99995
-1
-3.99995
1
3.99995
15
7.00008
-12
-10
-1.99998
1.99998
0
-1.1442
8.14059
9.28481
5.00003
8
5.99997
0
-2.99998
-2
-11
-7
7.00005
8.00002
6.99995
3.99998
2
1.00002
-3
8.99998
7
-9.99998
-1
-4.99998
-18
-1.00003
2
-6
5.00006
9
6.99994
6
4
0
0
3.00005
5.00005
5.99995
6.99995
7
4
-3
-14
-13
6
12
-3.99994
-12
0.999985
-6.28482
-7.28484
8.00006
4.00003
-4.00003
-4.00003
4.00003
8.00002
4.99998
7.99997
5.99998
-14
-18
3.21254
15
2.78746
-6.42317
-4.42317
-8.00005
-7.00003
-3.99995
-1.52588e-05
3.99995
4.29041
5.29044
-8.57115
-21.5712
-14
3.00002
10.0001
0.999985
-8.00008
-2.1442
6.85585
8.00003
7.99995
0
-3.99994
0
1.42497
4.99995
3.05176e-05
-7.71919
-3.14421
4.00003
5.99995
0.999985
-2.28839
-3.71902
0.569397
12
15
9
0
-4.42877
-6.00003
-6.00003
-2
2.00002
4.57124
6.99998
7.99997
7
6
-5
-1
-1
-12
4
0
-20
-9.00003
3.99998
2
7.00005
10
7.99995
4.99998
1
0
0
1.00002
3.00005
4.99998
5.99995
6
3
-1.00002
-11
-13
4
8.99998
-3.99995
-8
2.99997
-8.28482
-9.28484
7.00005
4.00006
-1.70964
-2.70966
2.14424
5.14426
-0.999985
5.99997
11.7096
-10.2904
-18.5029
-0.652863
10
0.149979
5.79129
4.79134
-13
-10
-1.56534
3.43459
3.42874
5.51251
1.08372
-15.0702
-22.2828
-17.2126
2.14423
15.1443
5.29037
-7.70967
-2.14618
2.85385
0.497131
8.49707
4.99998
-4.99994
-3.14418
3.91826
4.57114
-3.14418
-6.0134
0.639511
5.57123
6.57114
3.56537
0.565414
-13.0759
-8.0759
16.8558
19.8558
11.5029
-1.4971
-7.0018
-6.00006
-1.00002
1
0
1.99825
5.00002
9
9.57118
7.57118
-0.571198
-5.5712
-10
-6.99998
9.99998
-2
-23
-10
7.5712
9.5712
9
8.00003
4.99998
1.99997
-1
0
0
0
1.00002
2
1.99998
2
1
3.99995
-2.00003
-9.99997
-4.00002
-1.00003
-2.99998
-1
2.99998
-5.28482
-4.28481
5.00005
4.00006
1.87119
-0.128845
-1.5674
-1.56738
-6.99998
3.99998
14.1288
-5.87122
-19.5087
-10.0212
4.42502
3.51253
18.9395
10.3645
-15.7096
-9.70964
-4.70195
-3.1991
-3.56744
4.01341
-1.77209
-8.56355
-5.13275
-15.2809
-9.5674
8.22014
10.5125
0.580795
0.707596
-5.72318
-13.4366
5.99416
12
-2.57494
-3.93546
9.34526
9.99814
-2.22008
-5.9451
-0.861374
2.71361
3.56735
3.5558
2.84421
-9.7915
-7.2924
15.3549
20.1424
9.86162
-6.13838
-9.71721
0.999954
7
3.00002
0
1.28281
3.85582
4.85583
7.71356
6.71356
4.28639
-8.71358
-16
5.99998
15
-11
-24
-1
10.7136
9.71362
9.99997
6
0
-2.00002
-2
0
0
0
0
0
0
0
0
3.99995
0.999985
-7
-8.00005
-5.00002
-2
0
1
2.28641
3.28642
3.00005
3.00005
1.29999
-0.700043
-4.42323
-5.42322
-1.99998
5
5.1288
-6.8712
-16.0116
-10.7366
3.85001
6.72502
12.7365
5.58659
-7.91631
-6.84421
-17.2069
-19.7703
-6.77412
10.3701
1.08549
0.874817
11.3018
-9.70784
-16.4232
2.72678
17.873
14.4346
5.99799
-6.29819
-14.6549
-2.50294
5.00003
0.850067
0.417419
5.70398
0.351059
-7.871
-6.446
-1.29018
4.4973
4.34529
4.48373
2.41539
-3.58282
-2.4424
10.9261
16.3607
3.4953
-9.92967
-6.28839
11.8558
14.1442
3.14423
0
2.85577
3.5674
0.567429
4.71358
4.71358
6.28636
-9.71355
-19
8.99995
13
-16
-25
1
13.2848
10.2849
10
5.99998
-1
-4.00002
-1
0
0
0
0
0
0
0
0
0
-0.999985
-5.00005
-7.00006
-4
-3
-3
-1
9.42885
10.4288
2
3.05176e-05
-2.42319
-4.42325
-6.42326
-5.4232
3.00005
1.99998
-5.29044
-4.29036
-3.50867
-2.58661
3.425
6.22208
-2.75493
-4.97118
0.799103
-2.41541
-19.706
-23.3415
0.800873
24.1576
-1.4136
2.87862
34.5902
14.0777
1.43637
18.0172
37.7989
33.7172
4.28841
-4.86739
1.13257
-9.00002
-15
-9.71916
-9.86722
-17.0114
-25.871
-26.4498
-22.5864
-18.8614
-5.9373
3.34149
8.41742
5.34531
-1.80469
-2.09509
10.6377
15.7136
0.842392
-9.15178
-0.15181
19.5674
15.4326
0.432617
0.999985
3.99997
2.4232
-0.576782
1.5712
0.571213
6.42876
-6.57115
-18
3.99995
8.00002
-15
-25
-3
13.2848
12.2848
10
5.00002
0
-3.00003
1.00002
0
0
0
0
0
0
0
0
-2.99997
-2.99997
-4.00003
-5.00003
-4.00002
-4.00002
-4.00002
-3.00002
11.5713
13.5712
1.99997
-1.99997
-5.28477
-7.28487
-7.56746
-5.56737
-0.855743
-5.85583
-6.85585
6.14424
10.4971
1.49129
-2.42497
2.08548
0.747787
-5.31651
-8.0567
-2.77988
-2.76848
1.73441
25.3739
42.2297
24.6527
35.8786
68.8065
53.4344
34.1556
42.9451
58.5768
50.146
-6.42117
-9.7116
20.7076
-7.2904
-29
-25.4326
-30.1518
-42.9393
-60.5902
-59.3056
-53.0797
-57.9335
-43.2998
-27.5864
-16.721
-11.5181
-3.24486
2.47049
12.7743
17.5598
3.9828
-6.01515
-2.23732
16.1328
12.4326
-0.567398
2.64128
3.64128
1.5674
-0.432587
0.502899
-2.49707
4.8558
-2.1442
-13
3.00002
6.00006
-11
-19.0001
-4.00002
9.28481
10.2848
9.00003
4.00003
-1.00002
-2.00003
3.00005
0
0
0
0
0
0
0
0
-2.99998
-2.99998
-2.99998
-3.99997
-4.00002
-4.00005
-5.00006
-4.00005
8.71368
10.7137
1.99998
-0.999985
-6.28482
-8.28488
-6.8558
-5.85574
-0.567368
-7.56741
-6.56741
13.0797
13.647
-4.99998
-12.9182
-2.26559
12.2525
-0.164764
-10.7645
17.0019
46.8748
65.019
78.7344
73.5181
73.719
80.5161
80.594
63.7969
36.5844
37.1576
46.9317
40.7172
-15.7741
-10.9183
30.5634
0.419205
-23.3567
-22.2922
-26.3643
-37.3643
-70.6585
-74.0835
-63.7931
-80.7248
-83.5864
-89.5826
-90.2902
-72.4498
-26.537
-3.46881
-0.0228729
10.6243
8.12143
-0.732361
-5.53151
6.76445
8.70961
1.99998
3.92392
4.92392
3.85576
0.855789
0.508698
-2.49129
2.56743
-0.432632
-6.00005
6.00009
7.00008
-3.00006
-9.00008
-5.00002
3.28484
7.28481
7.00002
2.00005
-4.00003
-3.00005
4.00006
0
0
0
0
0
0
0
0
-1
-1
-0.999985
-2.99995
-2.99998
-4.00006
-7.00011
-5.00005
2.71367
5.71365
2.99998
0.999985
-4.14243
-6.14244
-4.99997
-6.57115
5.0056
-2.27898
-9.77606
10.3056
7.37003
-14.3471
-17.6298
5.02081
21.4784
16.5563
34.7402
86.2922
123.156
130.44
120.807
93.5219
65.0757
55.6507
53.8806
26.8027
-3.3493
-2.33949
4.72501
5.57301
-15.2808
-1.42501
27.7096
11.7096
-4.8576
-6.29802
-0.504715
-1.78931
-27.5143
-38.1498
-39.9373
-60.3739
-84.1576
-121.505
-147.934
-126.734
-76.7495
-51.9755
-45.6017
-26.5237
-4.88615
1.40419
-0.0324097
3.61446
6.83659
4.9924
6.92395
9.92393
7.85576
2.85579
-0.491302
-2.49132
-0.432617
0.567383
1.00002
7.00008
8.00002
4.99995
-1.00003
-6.99998
-1.71516
5.28477
3.99998
-1.99994
-8.00002
-5.00006
4.00005
0
0
0
0
0
0
0
0
0
0
1.00002
3.05176e-05
-2
-5.00008
-8.00009
-7
-2.42876
1.57121
3.99997
2.99997
0.14241
-1.85759
-3.99998
-6.71358
6.86319
-1.41556
-13.5501
6.59976
2.01895
-16.9828
-4.91068
29.4554
72.6302
86.9148
108.812
157.583
153.224
111.649
73.9469
51.3777
5.29398
-3.56181
19.0172
-11.9886
-33.4935
-25.8366
-20.9145
-18.1424
-10.6451
6.35489
22
23
8.4232
-2.66052
10.5674
24.9982
20.6299
4.06653
-7.64892
-13.0172
-31.9393
-74.6451
-115.577
-109.231
-105.539
-117.615
-123.528
-105.668
-53.1766
-16.7496
-1.39291
2.25397
7.39819
10.8386
11.85
14.4971
10.5674
4.56741
-0.497101
-3.49713
-2.14424
1.85582
4.00005
5
6.99997
7.99997
2
-8.99997
-3.71519
3.28477
-1.52588e-05
-4.99995
-11
-7.00005
3.00002
0
0
-1.00002
1.00002
1.00002
-1.00002
-2.00003
-2
-0.999985
0
1.00003
1.00003
-2.00003
-5.00008
-5.00003
-4.99997
-1.85579
-0.855789
1
2.99998
0.569397
2.56938
2.29041
-3.42317
3.29199
-13.8368
-24.1118
9.81987
10.3833
-3.33591
39.8844
92.1083
166.059
173.199
138.237
136.292
78.6547
18.5105
-14.4877
-17.9886
-25.3453
-14.9127
6.07971
-17.1386
-30.704
-19.4837
-19.9924
-11.4991
-3.71721
3.21069
17.2125
31.2125
27.8482
-8.4422
-6.50471
25.2107
27.2808
9.28281
6.28279
17.0549
15.1386
0.855797
-25.5768
-48.3661
-67.9719
-114.184
-172.808
-172.952
-122.036
-77.6813
-42.8996
-13.6853
3.8252
10.1156
12.2694
15.2107
13.704
9.13278
1.57121
-4.42882
-1.57121
2.42882
4
2.99998
3.99998
5.99997
1.52588e-05
-9.99997
-1.71521
5.28479
0.999985
-2.99998
-8
-7.00002
-2
0
0
-3.00002
3.00002
3.00002
-2.00003
-5.00005
-6
-4.99998
-2
-1.99998
-1.99998
-1.00002
-2.00003
1
1.14423
0.432602
-1.56738
-1.99997
-1.14421
-5.71724
4.57315
13.8712
2.94135
-5.27721
-24.6926
-27.0359
17.8255
41.1784
55.2409
129.102
182.827
195.983
145.767
72.8065
24.2864
-27.7741
-34.4875
-25.9203
-25.0645
-21.7779
-13.3453
9.36433
0.648888
-24.2049
-12.7779
-24.7837
-21.7837
-9.21629
8.63951
32.6375
51.6375
42.6357
-43.3643
-37.5768
44.4232
48
6.0703
-1.92969
14.1308
10.427
21
29.1386
-4.85941
5.03951
-22.1788
-114.163
-147.169
-160.325
-164.894
-131.831
-62.1958
-23.0382
-12.4612
1.69263
12.706
19.6964
15.1232
2.70781
-4.28641
-0.14238
3.28641
3.99998
3
1.99998
1.99998
-1.99997
-6.99998
1.28479
9.28479
7.99997
4
-1
-6
-9.99998
0
0
-4
4
4.99998
-3.05176e-05
-4.99998
-8
-9.00005
-5.00002
-3.99998
-3.99998
0
0
3.99998
4.43262
-3.42317
-0.423203
3.14421
-8.28841
-14.5692
2.0116
16.4462
6.66051
-10.7685
-16.7609
-1.45906
48.6148
110.539
157.888
199.888
191.9
98.4043
12.7592
-18.5502
-44.7857
-48.3529
-23.7096
-0.850006
2.15001
-14.425
-30.2808
7.00761
6.00758
-40.0683
-3.21248
4.14422
-32.7837
-35.1442
-1.21627
30.85
72.85
52.5674
-76.4326
-58.5768
68.4232
57
-6.42879
11.5712
38.425
8.9279
-10
11.9982
10.7136
39.9163
44.6884
-3.87862
-41.4534
-112.537
-187.178
-205.114
-147.268
-84.6911
-47.6092
-20.4554
5.33592
25.6945
17.406
-1.37392
-5.4306
2.13843
4.99599
5.00002
6.00003
3.99997
0.999985
-0.999985
-2
4.28479
10.2848
11
7
0
-7
-14
0
0
-4
4
6.99998
4
-2.99995
-7.00002
-8.00009
-5.00005
-3.99995
-3.99995
0
0
3.99995
4.5768
-9.42316
1.57678
9.4326
-15.1442
-17.2029
0.590439
8.01926
1.74014
-3.97144
6.60542
49.9735
133.044
208.683
210.675
147.241
71.5371
-27.7437
-61.108
-28.4857
-23.5712
-22
-31
-24.8538
-4.85379
-13.6375
-28.6375
17.9317
5.93169
-55
20
77.0721
19.0721
-37.0721
-43.0721
-37.15
40.85
77.8558
-18.1442
-30.5768
31.4232
-11
-36
44
73.1442
14.1442
-45
-19.4288
25.9279
34.1422
24.2009
32.2676
40.5504
-1.88618
-91.6755
-181.611
-202.833
-159.763
-102.972
-62.3246
-18.8938
23.9053
18.6946
-6.73439
-11.7931
4.1971
9.55756
6
8.00006
7.00002
2.99998
0
0
10.2848
14.2848
8
4
-3
-8
-13
0
0
-3.99997
2.99998
7.99998
7.00003
-0.999985
-4.00003
-5.00006
-4.00005
-3.99994
-3.99994
0
0
3.99994
4.43257
-10.0703
2.92969
7.07971
-19.9962
-10.3395
3.24133
-5.96941
-8.10428
14.3208
67.3968
155.114
234.256
228.258
125.325
4.09291
-52.1196
-64.108
-36.4781
-3.63952
-14.1442
-34
-47
-30.7134
-2.7134
-3.99422
0.00580597
45.7875
23.7875
-28
28
66
40
2.5712
-30.4288
-81.3625
-26.3625
55
50
33.5674
-8.43259
-28
-19
14.4288
21.7172
-25.7116
-59.9279
-14.9279
45.8576
25.0018
-12.6471
12.6339
52.0551
61.6205
23.2562
-64.89
-140.539
-189.905
-178.19
-131.687
-78.186
-3.25229
12.8995
-5.94867
-13.7286
7.89908
14.6942
3.99997
7.00005
7.00008
2
-1.00002
-0.999985
16.2848
20.2848
4
1
-4
-7.99998
-12
0
0
-4.99997
-1.52588e-05
6.99997
8.00002
1.00002
-1.00002
-5.00003
-5.00003
-3.99994
-3.99994
0
0
3.99994
4.14415
-4.79324
3.20671
-2.62991
-23.2694
-1.90309
3.03441
-15.0263
2.90717
60.1822
166.826
265.038
239.471
105.901
-17.4609
-73.6243
-70.5618
-48.5502
-17.0569
-3.78751
-27.4326
-33
-6.99999
17.6433
18.6433
10.7174
21.7174
42.3625
20.3625
7.99999
14
-24
3.00002
51.7136
20.7136
-73.9317
-43.7875
12
35
47.8558
-22.1442
16.1442
24
-28.7136
-29.5694
-29.7837
-33.7837
-17.7116
13.7893
-7.3549
-19.2884
26.0665
44.704
37.6964
48.4763
44.9089
-11.2449
-125.552
-191.693
-197.541
-162.474
-70.7686
-17.6168
-3.16879
-4.02078
13.6127
16.9769
1.56537
4.00003
4.00006
-2
-4.00002
-2.99997
16.2848
19.2848
1
0
-4
-7.99997
-11
0
0
-8.00002
-4.00002
4.99998
7.00002
2.00003
0
-7.00002
-7.00002
-3.99995
-3.99995
0
0
3.99995
3.85574
-0.442154
3.70203
-9.41365
-20.683
4.53711
-0.677414
1.76682
64.1293
151.046
226.258
231.681
108.469
-41.2466
-64.5426
-36.8444
-37.2828
-55.9203
-31.9203
4.49911
9.35489
29
44
23
-11
-4.4268
27.5732
33.3625
2.36252
9.99999
6.99998
-52
5.85583
63.9281
14.0723
-61.4326
12
22
-24
1.00003
-24
13.4326
8.14418
-21.1406
-2.28479
29.2163
2.28841
-49.4953
-45.4232
-34.8558
-13.1442
42.5674
43.852
-3.0114
16.6281
80.3473
62.1214
-14.9795
-104.268
-196.901
-217.981
-158.628
-77.1956
-17.1101
1.25624
14.1917
13.903
1.69615
2.00002
1.00002
-2.99998
-4.99998
-3.99998
10.2848
12.2848
1
1
-4
-7.99998
-7.99997
0
0
-11
-8.00002
2.85579
5.00002
1.14423
0
-5.99998
-5.99998
-3.99998
-3.99998
0
0
3.99998
3.71156
-5.65649
2.0607
-2.12144
-7.17245
11.2581
2.04156
48.6965
161.989
249.552
195.121
59.3246
-48.8234
-89.4705
-14.1252
25.2922
-18.9279
-48.6433
-38.4308
-10.5692
42.2183
80
54
-6.00002
-39
-12.4268
24.5732
32.7875
-3.21249
-7.00002
20
-11
14.5674
28.2147
-14.3527
-45.5768
73
41
-73
-29.8558
4.00002
8.43259
-28.5674
-16.8522
13.7152
43.2884
-11.7116
-66.5674
-29.4232
11.1442
-8.00001
0.855797
14.8558
-32.148
-10.2922
79.4232
80.9127
47.2426
-2.76498
-110.621
-204.272
-224.624
-149.271
-55.6889
-11.3947
2.89955
5.54256
3.83273
3.8558
1
0
-0.428787
-2.42879
4.71359
6.71359
2
3.00002
-3
-7.00002
-4.99998
0
0
-9.21251
-9.21248
-1.14223
1.29037
-1.42317
-1.85577
-3.29037
-2.29039
-3.14421
-3.14421
0
0.144211
3.43462
3.14619
-4.43445
-7.28844
-2.89549
9.40636
10.332
26.478
140.907
257.055
254.552
92.6889
-72.8234
-103.903
-55.4078
23.5105
30.573
-21
7.42498
6.85001
-57.2125
-22.6375
55
60
0.999962
-17
8.9299
14.9299
10
-23
-25
46
44
-5.43259
-21.9978
-18.5652
-14.5768
90
33
-83
-28.5674
29
21.1442
-33.1386
-15.8522
2.2864
0.216324
-33.7837
-40.8558
19.5047
56.5047
-16.8558
-53
-26
-55.1442
-24.1442
78.4953
92.7723
53.8272
39.3908
-10.3985
-123.342
-223.414
-206.059
-106.326
-51.3985
-23.8388
1.1042
2.11554
4.84819
5.9241
6.06828
4.0703
-1.85759
0.146194
2.5029
0.428802
3.00003
0.212509
-2.93173
-3.14421
0
0
-3.06633
-6.06627
-6.27682
-4.70007
-5.13478
-5.56732
-3.72696
-0.871216
-1.43263
-1.43263
0
0.432632
1.73265
1.8029
7.00772
-15.1308
-17.4609
10.5523
14.9809
98.9126
255.761
283.615
134.042
-22.6792
-84.0473
-65.3395
-14.9846
10.2221
-6.35288
-28
51.1346
66.85
-50.7875
-83.2125
-5.99998
38
1.99996
6.99999
41.6433
34.6433
7.00001
-45
-63
26
74
8.8558
-53.7094
-20.5652
41.5674
74
4
-61
-14.1386
27.4288
14
-26.9982
-0.56942
2.42879
-35.9279
-12.9279
5.99998
11.3605
20.6489
-33.5674
-49.8558
-14
-34
-24
44.4232
58.4194
37.9848
48.6225
45.3303
-16.3342
-142.632
-218.273
-162.251
-118.829
-66.1427
-6.48216
-5.38913
4.19347
12.0531
8.98862
2.35492
-1.35674
-2.27502
-2.2049
-1.56938
2.14421
3.49332
1.2049
-1.07974
0
0
0.863571
-2.13638
-8.12883
-8.55209
-7.27901
-7.4231
-5.72894
-2.16164
-0.576828
-0.576828
0.434601
0.867233
-0.409744
0.738403
3.16153
-5.1174
-7.8158
0.12326
62.5597
216.702
298.404
183.749
-0.893715
-75.5464
-60.7741
-28.3471
1.36829
-8.13459
-24.1288
-16
35.2692
41.7779
7.63751
6.99998
-9
-35
-23
24
44
40
28
-34
-97
-48
44
45
-7.5652
9.4348
54.2846
26.4288
-25
-19
18.0018
7.85761
-3.99999
-22.5712
4.50089
13.0721
-42
6.00001
29
-25.7837
-28.6395
-25.5674
-16.7116
22
18.1442
-8.85579
-13.4326
-10.6489
6.70781
45.4214
56.2658
50.3908
-20.1976
-156.057
-203.537
-188.334
-120.721
-38.0686
-13.1063
6.04549
12.6109
0.552231
-3.43257
9.14415
5.29996
-5.27322
-1.85217
2.4326
3.41742
2.27324
1.05684
0
0
1.4348
0.434814
-6.70006
-9.12329
-7.42322
-7.4231
-7.58476
-4.16167
-0.576797
-0.576797
1.3038
0.876816
-1.77808
0.233521
-6.11545
14.7498
21.9014
19.9791
148.49
302.989
238.047
22.8215
-69.1821
-68.2694
-62.7837
-13.4971
20.2962
-2.70379
-25.8384
-12
32.6221
0.633705
11.85
95
22
-63
-26
7.99998
-5
8.00002
36
16
-47
-62
-3.99998
34
50.4348
41.4348
8.2864
-20.7136
-34
12
43.4288
0.42881
-12
-25
2.21629
25.2163
-39
2.28882e-05
34
-46.9279
-44.9279
4.14422
-5.8558
6.99998
29.4326
7.4326
-27.1442
-19.4326
-23.3605
3.21071
33.5542
66.6129
89.1004
-40.0476
-186.108
-229.48
-175.729
-84.4387
-32.5389
0.332123
10.8917
-8.38329
-6.50848
25.0721
12.7287
-10.2733
-1.13678
2.57683
2.27324
2.27325
1.63185
0
0
1.43481
0.434799
-5.70007
-9.12328
-8.4232
-6.4231
-8.58479
-6.16168
-0.576782
-0.576782
1.7384
0.024826
-2.1368
0.159393
-3.81943
23.617
52.2581
102.763
235.488
277.772
107.119
-83.6756
-84.1176
-55.7741
-59.6433
11
57.5087
23.5087
-21.5538
-22
47.1933
-0.225891
-41.8654
37
5.00001
-23
11
-8.00001
-33
-2.99999
34
51
28
-7.00001
-6.99998
9
18.5069
1.50689
-18.7136
-21.7136
-21
15
43.0721
13.0721
-5.99999
-28
1.21629
29.2163
-42
-16
42.1442
-39
-56.1442
21.9279
8.4971
-26.4308
-2.9203
0.0797119
-20.5712
6.2846
-34.8538
-33.7893
28.6984
72.4763
120.896
39.6033
-107.249
-214.765
-205.877
-124.731
-77.1898
-24.9563
12.6754
-2.74583
-4.29977
29.0683
9.72675
-15.0607
-0.206894
2.36432
2.27325
2.27325
1.35107
0
0
1.43481
-1.56523
-6.70007
-9.12325
-9.27896
-5.42311
-8.72903
-7.16167
-0.576782
-0.432587
1.16722
-0.618439
-1.48592
0.451553
0.544891
21.5525
96.7552
223.188
280.847
154.416
-34.7401
-98.1765
-50.4781
-35.3471
-34
25.5712
61.0741
27.5029
-14.9846
-18
3.4799
-18.8009
-35.2962
-11
-2.99998
12
28
12
-23
-3.99999
28
24
23
16
6.00002
4.99998
-15.3489
-27.3489
-12.5712
-16.5712
-19
20
53.2163
24.2163
4.00002
-17
-4.92791
22.0721
-39
-32
42.4326
-6.8558
-62.4326
13.6395
31.4913
-28.2924
-19.9145
-8.91447
-28.7136
-7.71361
-25.1288
-24.7114
29.9089
68.6926
87.3301
57.7513
-13.8141
-151.691
-204.021
-156.947
-131.412
-62.6071
11.1745
11.4666
0.552231
16.2049
2.93349
-10.6357
-0.06073
1.93929
2.27325
2.27324
1.4232
0
0
1.64731
-1.35274
-7.55586
-9.12323
-8.13472
-6.42314
-10.1617
-7.30583
-0.142181
0.290405
0.237335
-1.12134
-0.694641
0.318771
11.5525
42.3418
162.252
303.899
239.421
13.2032
-109.391
-61.1841
-0.40979
-1.92208
-9.14421
4.99819
10.7136
-2.42881
-12.7
-4.99998
-19.8768
-15.5884
5.9884
6.00002
22
12
-2.00004
22
-7.99999
-6.99999
19
-11
-2.00002
8.00002
-10
-14
-17.2047
-15.2047
-5.99997
-27
-25
44
87.2163
36.2163
5.14421
-7.85578
-19
9.99998
-17
-38
24.4326
23.2884
-41.5768
-6.64889
17.4913
-26.2924
-12.9145
14.0855
-10.2848
-33.2848
-10.8384
-19.5576
-28.446
37.2618
71.9772
69.4022
52.6926
-67.5447
-177.093
-180.306
-163.915
-97.186
-4.11392
16.5312
2.40422
-2.36813
-3.36069
-0.926056
0.795059
1.79509
2.20494
2.20491
1.42322
0
0
2.0723
1.07228
-6.26744
-9.12323
-7.2789
-7.42316
-12.5943
-8.59421
0.72702
1.3038
0.0911102
-1.91087
-1.12163
-0.102402
41.7764
108.203
231.112
297.258
120.065
-86.516
-104.757
-31.0475
8.08351
14.7875
1.56738
-19.0056
-19.8594
0.713577
12.3
10
-8.8768
1.41155
17.9884
8.00002
13
-3.00002
-10
26
-6.00002
-16
3.00002
-25
-7
-6.00002
-38
-30
-6.0605
-5.06049
4.00001
11
12
51
77.0721
32.0721
-0.56739
-10.5674
-39
-1.52588e-05
22
-34
-7.8558
35.1442
-12.5768
-22.6489
-4.5029
-23.4308
-14.9203
25.0797
9.71519
-59.2848
-25.8384
-25.8384
-76.1518
17.8368
85.4781
63.6944
71.1272
37.1745
-118.52
-190.877
-164.271
-118.402
-29.7648
7.02071
-3.0304
-16.3699
-7.72118
4.06815
1.93169
0.931702
2.06831
3.0683
1.42322
0
0
0.713577
0.713577
-4.55202
-6.55202
-4.71352
-5.71356
-11.448
-10.448
-1.83838
2.73842
4.37569
-4.62251
-5.33031
9.3302
73.3512
193.854
281.837
205.33
-4.30152
-118.027
-71.1861
-18.4763
-0.7799
13
1.84818
-11.5844
-5.1478
19.2848
34.725
31
-21.1576
-12.9413
30.4913
3.00002
-17
-17
-0.999969
16
-25
-32
-15
-32
-7.99998
-11
-33
-5.99999
36.3645
30.3645
31
58
41
15
8.14419
0.144203
1.4326
-11.5674
-51
-6.00001
41
-23
-26
32
-0.432602
-36.4326
13
6
-35.5674
-8.56739
-11.7136
-73.7136
-29.5538
2.44621
-50.8614
27.5618
43.554
-11.0913
88.9147
133.469
-49.8677
-165.729
-157.344
-138.691
-64.7724
-14.7706
-13.7496
-18.5958
-6.72876
-0.00775146
0.144196
1.1442
1.78751
0.787491
-3.4326
0
0
-2.42885
-2.42885
-3.40959
-1.40959
0.705643
-2.29437
-6.8672
-10.8672
-7.83838
3.73845
11.3074
-8.89955
-10.0361
31.9753
99.6376
257.579
285.274
76.6148
-74.814
-94.2524
-44.2524
-6.26181
4.1442
1.92789
-3.3018
13.1214
20.708
16.2848
27.575
44
-23.7192
-31.6471
22.4971
1.52588e-05
-29
-40
-31
-21
-24
-8.99998
0
-5
19
15
-6.00002
13
59.0703
66.0703
42
29
7.00002
-19
-32.5674
-17.5674
5.1442
-19.8558
-50
-2.99999
37
-2.28882e-05
-13
20
4.85581
-38.1442
21
12
-36.8558
-23.8558
-37.5712
-26.5712
30.0154
35.0154
-30.4306
22.1406
-57.0076
-106.16
128.981
164.116
-5.2775
-101.858
-153.847
-163.125
-108.417
-47.207
-23.9697
-11.6074
-4.88635
-7.15376
-0.567398
4.4326
2.3625
-2.63753
-10.1442
0
0
-4.00006
-5.00005
-2.83838
1.16161
2.41524
0.415222
-4.5768
-9.57678
-8.83838
3.73845
12.0986
-11.2506
-4.39096
55.2657
147.431
280.226
220.129
-11.814
-92.2486
-64.8995
-25.1841
4.94689
9
-1.21629
-2.87679
18.5464
29.2051
15.7819
3.85583
7.85577
-15.3529
-17.3529
12
8.00002
-30
-70
-63
-23
14
40
40
28
37
29
-2.00002
0
51.4232
60.4232
8.99998
-24
-24
-17
-22.4232
-5.4232
7.62939e-06
-34
-38
11
41
16
-5
3.00001
0.42881
-16.5712
0.571182
-24.4288
-3.50288
-13.5029
-48.6413
47.3587
87.4442
17.4442
-43.7152
9.28481
-93.5788
-105.869
128.269
112.829
10.8118
-44.6246
-129.277
-162.772
-149.131
-88.2905
-28.3398
-9.6853
-12.894
-8.72679
2.57683
7.57683
5.29417
0.294159
-10.1442
0
0
-4.00006
-7.00002
-2.83838
1.16158
0.415268
1.41524
-5.57683
-7.5768
-2.83838
3.67012
7.31874
-10.818
13.2542
82.5561
211.439
274.367
118.979
-57.962
-82.6053
-43.8216
-13.5504
6.29399
3
10.9924
15.979
1.47813
-5.65652
-8.43641
-31.4326
-47.4326
-19.2029
11.9413
35.1442
47
4.00001
-44
-23
36
33
34
40
1.00001
1.99999
15
7.62939e-06
-3.00001
46.4232
36.4232
-33
-45
-19
-3.99999
-10.4232
7.57681
-12
-39
-11
28
40
3
-23
-15
-15.7136
6.28641
14.7136
-22.2864
-10.5087
-53.5087
-20.9239
105.076
80.7326
-17.2674
-39.7152
6.28481
-66.0875
-16.1596
103.351
24.1214
8.6848
-4.89199
-82.2052
-136.78
-182.922
-136.01
-33.209
-15.5487
-26.7516
-6.87099
2.57683
6.57683
6.58257
1.58255
-9.43256
0
0
-5.00008
-8
-3.98456
0.0153809
-0.438538
0.561447
-7.57684
-4.00563
4.16162
1.96231
1.75136
-6.24303
41.0454
122.057
256.725
242.794
23.188
-87.3283
-60.0303
-22.5312
-6.8446
2.93149
-4.7192
17.6261
18.4098
-32.8027
-55.0152
-30.1518
-18.2922
-29.6451
-20.9846
-1.55576
23.2884
54
54
38
49
68
20
12
19
-41
-36
4.99999
10
4.99998
33.5674
11.5674
-47
-38
-3.00001
-2
-15.5674
9.43261
-33
-57
0.144196
34.1442
42
5.00001
-27
-26
-16.9944
17.0056
35.9944
4.99438
-78.1558
-110.156
65.0761
135.076
27.8047
-24.1953
-5.28638
0.7136
-65.9433
39.7683
86.7799
-14.7989
22.2011
25.8368
-38.3436
-108.29
-196.15
-176.441
-48.782
-24.9092
-36.7554
-4.15935
-1.4232
1.5768
3.72679
-2.27325
-10.4326
0
0
-7.00011
-8
-6.27692
-2.27698
-0.146179
-0.146179
-8.00565
1.13675
9.09331
-1.24838
-4.0323
3.61656
78.9771
168.273
263.794
178.505
-54.7437
-101.26
-34.387
-4.46288
5.2958
9.9315
1.2712
2.9069
-24.2277
-60.0152
-46.0152
15.0607
57.0645
44.3587
-3.40958
-33.9846
-34.8558
-12
32
62
60
34
8.00002
31
30
-29
-28
5.99999
2.99998
-3.00003
17.8558
-2.14417
-41
-21
6
-13
-26.8558
14.1442
-23
-58
-16.5674
9.43262
28
18
7.62939e-06
-7.00002
5.5864
22.5864
13.4136
-8.58641
-106.444
-98.4442
93.3587
72.3587
-20.3395
-1.33948
32.5712
29
-47.2904
25.9203
38.1308
-2.15382
55.7136
42.7022
-12.8349
-84.6472
-172.591
-193.881
-76.9242
-35.7668
-37.4025
-1.30354
-4.9261
-1.42322
1.72679
-3.27324
-7.14424
0
0
-8.00012
-8
-7.4231
-4.42317
-1.00002
0
-4.86322
6.70796
12.9567
-3.81958
-9.88806
17.905
121.049
213.917
239.359
98.5735
-104.531
-101.685
-13.5312
5.6737
16.5824
24.719
8.2654
-28.8806
-63.2277
-31.0152
32.0569
74.3453
82.9962
62.6433
-3.55
-39.4096
-40
-50
-29
8.00002
25
13
6.00002
35
37
-2.99999
-3.99998
7.00001
-10
-11
16.9279
1.92792
-29
-11
-2.92789
-40.9279
-42
27
39
0.999992
-15.5674
-28.5674
-33.8558
-18.8558
8.99999
23
25.7326
33.7326
-0.732597
-21.7326
-46.5884
-29.5884
3
-65
-25.4116
38.0172
51.4288
87.0018
31.2125
1.06652
-42.6529
-18.8654
63.7194
52.5638
-6.61279
-68.6414
-117.666
-184.319
-114.503
-48.486
-30.9717
-2.30357
-7.93188
-2.42322
1.72679
-0.273193
-3.00003
0
0
-8.00012
-8
-7.4231
-6.4232
-3.00005
0
0.136826
13.1368
15.9567
-5.2484
-12.4593
32.9809
156.34
250.7
206.784
34.1447
-118.531
-85.2562
3.74961
1.37948
9.58442
27.8614
-1.45002
-58.1614
-62.0152
37.2694
109.704
74.4895
16.9279
4.78748
-5.0529
-10.4096
-4
-12
-31
-40
-24
-1.52588e-05
16
26
15
-1
11
10
-11
-2.00001
19.8558
4.78371
-12.0721
-2.00002
-21.7837
-81.7837
-68
31.4971
85
53.5029
11.1442
-17.8558
-47.5674
-48.5674
-29
-13
16.4442
43.4442
2.55579
-15.4442
6.41159
32.4116
-58
-113.856
9.5884
77.7306
62.2864
78.8614
50.0663
-22.7951
-77.5029
-36.1442
46.006
54.9946
-14.3965
-59.3568
-53.0952
-158.886
-150.439
-60.9206
-29.04
-10.594
-9.8636
-7.42322
-2.41737
-0.273148
-4.85583
0
0
-10.2905
-9.29041
-5.92601
-2.92612
1.50284
2.5029
0.635727
12.1387
12.3058
-7.68103
-9.45551
50.4193
179.708
262.991
173.788
-3.3582
-103.966
-57.2658
17.3074
-2.91853
-6.77027
12.6471
-26.0154
-71.4364
-26.2277
92.6299
121.283
25.9183
-45
-37.7779
13.0817
28.3683
12
22
12
-38
-75
-47
20
35
1.99998
-2
20
16
-4
12
19.9279
0.783707
-0.144203
1.99997
-38.2866
-94.2866
-67.3567
22.1346
71
53.5087
19.3567
8.35668
9.93552
-9.06448
-61.8558
-82.8558
-7.41919
30.5808
-8.72501
-3.72501
15.0587
48.0587
-32.8558
-65.5674
21.9413
72.3681
63.7152
34.4326
-1.50489
-41.9375
-41
-15.2826
29.7897
39.7763
-10.8235
-49.0684
2.69233
-128.093
-191.867
-67.9907
-39.2583
-20.6036
-9.86542
-11.9261
-8.56157
-4.41734
-7.71162
0
0
-15.8712
-13.8712
-4.93185
3.06812
7.50865
4.5087
-0.652908
5.35294
4.94331
-9.61273
-2.59012
73.4289
197.148
250.647
132.577
-29.941
-82.1196
-32.2772
23.4364
4.57298
-15.275
-7.99418
-35.9317
-55.3585
20.6357
113.353
72.6433
-28.8654
-48.8558
-25.9904
9.71539
41.3587
27
17
35
-9.00002
-90
-77
8
37
9.99998
0
16
16
3
20
16.1442
-8.9279
-4.2163
-7.14423
-42.4366
-56.4366
-17.573
16.9183
33
24.5087
-1.427
7.57298
25.6529
-5.34708
-58.5674
-52.5674
9.1424
11.1424
-6.575
23.425
30.3529
33.3529
-11.5674
-49.4232
-20.3529
3.78931
28.7152
46.573
-4.35869
-41.5029
-10
-1.6413
19.6435
20.1272
21.537
-40.3454
33.4115
-94.374
-234.22
-78.4176
-57.2659
-23.7516
-10.873
-12.0761
-9.41739
-5.56157
-5.28459
0
0
-20.1616
-19.1616
-7.9319
0.0681305
1.5087
-0.491287
2.49126
7.99419
4.94133
-6.39641
10.5561
96.8597
210.086
235.801
90.1443
-57.9526
-73.1234
-22.0665
25.1442
9.99999
-20.4971
-21.4971
-16.9239
-16.0681
45.8558
102
21
-61.5029
-31.5674
3.93552
-1.43261
32.5674
36
3.99998
35
17
-65
-69
-14
17
14
-1
10
15
7
21
10.4326
-19.5674
-16.4326
-14.4326
-29.0116
-10.0116
31.5674
27.0645
7.00001
-21.4971
-31.5674
1.4326
-2.98839
-24.9884
-5.4232
27.5768
15.4232
-1.57679
19
31
16
12
3.5768
-35.4232
-50
-61.5712
-14.2848
71.2864
27
-41
-19
-1.00001
13.7136
19.8406
55.6812
-44.9128
26.4874
-66.6586
-237.643
-97.3472
-69.911
-24.1804
-16.598
-15.8674
-10.2732
-4.41739
-2.28639
0
0
-17.8712
-18.1615
-9.21651
-3.92612
-5.49706
-6.49707
1.49704
11.4971
8.07974
-1.7551
28.4839
120.788
217.661
220.661
54.926
-80.5276
-73.408
-21.4232
27
10
-26
-29
1.4348
13.4348
51
80
-7.99998
-66
-8.42321
32.5768
-11.5768
11.4232
35
-2.00002
30
36
-29
-53
-38
-8
8.99998
-3.99999
11
17
7
19
13.5768
-20.4232
-24.5768
-10.5768
-9.0116
16.9884
52.0703
36.0703
-18
-59
-48.0703
-19.0703
-14.9884
20.0116
58.5768
19.5768
-19.5768
-4.57681
15
6.00002
-18
-2.28882e-05
29.5768
7.57681
-51
-84
-21.2848
67.7152
43
-25
-22
-9.00002
5.57121
34.129
68.6812
-56.484
4.34703
-44.8028
-209.641
-110.92
-72.3398
-28.1804
-23.8884
-24.0116
-15.2732
-6.27318
-1.71521
0
0
-11.7933
-11.8711
-5.29439
-0.713638
-4.70955
-6.70958
-6.29045
5.70963
7.15184
-2.47049
42.484
144.575
222.376
197.086
30.6356
-85.5276
-69.408
-19.4232
26
8.00001
-26
-29
18.4348
31.4348
42
55
-24
-53
14.5768
43.5768
-28.5768
-9.5768
38
-1.00001
22
42
-6
-42
-48
-19
3
-6.99998
13
19
5
16
18.5768
-14.4232
-21.5768
-1.57681
0.988403
20.9884
46.5732
25.5732
-33
-61
-56.5732
-47.5732
-6.98842
52.0116
55.5768
-11.4232
-9.57683
2.42317
-20
-22
-45
-28
29.5768
44.5768
14
-30
-23.2848
29.7152
26
-3.99999
-8.99998
-21
8.1442
53.4174
64.6812
-57.2715
-4.00967
-26.0153
-190.569
-118.137
-67.6282
-35.2525
-28.8884
-30.0116
-19.2732
-10.2732
-2.71518
0
0
-11.5087
-10.7932
-3.58478
1.70557
-3.12877
-5.12878
-9.87123
3.1288
3.30183
-8.89548
51.484
163.15
221.807
168.936
19.5577
-74.5276
-59.9109
-15.4232
20
5.00002
-19
-17
45.4348
47.4348
21
26
-34
-38
24.5768
30.5768
-35.5768
-13.5768
36
8.00001
17
30
-2.99999
-34
-41
-16
-2.99998
-8.99998
15
21
5
12
15.5768
-9.42319
-10.5768
6.42318
-3.0116
4.98843
24.5732
4.57319
-25
-25
-52.5732
-66.5732
10.0116
56.0116
7.57679
-36.4232
15.4232
30.4232
2.99998
-17
-95
-107
3.57678
91.5768
108
30
-39.2848
-7.2848
-5.00003
-26
-23
-15
38.4326
75.7058
56.6812
-43.8465
3.84609
-10.5124
-189.425
-135.209
-63.9166
-43.3967
-30.8884
-32.0116
-20.2732
-12.2732
-4.71515
0
0
-18.0116
-16.5087
-7.29437
-1.29443
-3.12878
-4.12878
-3.87122
9.12877
-1.41357
-15.3984
58.484
177.938
217.522
140.361
9.27309
-61.5276
-48.9167
-12.4232
12
3.00002
-6.00002
3.99998
53.4348
42.4348
11
9.00001
-40
-27
30.5768
15.5768
-27.5768
-6.57681
24
19
16
9
-9.99998
-22
-26
-10
-7.99999
-13
16
24
7
9.00002
16.4326
-1.56741
-3.43261
7.56738
-12.5087
-11.5087
10.9299
-2.07011
-18
4
-9.92989
-25.9299
19.5087
6.50871
-58.5674
-50.5674
7.56743
32.5674
50
24
-80
-115
-12.4232
80.5768
56
-13
-22.2848
17.7152
0.999969
-62
-55
7
75.5768
91.2788
50.7533
-36.9186
9.13068
14.1309
-183.637
-165.281
-68.205
-47.4688
-27.8884
-30.0116
-19.7021
-12.702
-7.35846
0
0
-24.0117
-22.0116
-10.7136
-4.71362
-1.70959
-0.709595
4.70958
14.7096
-4.99435
-17.9792
63.4839
189.938
215.522
117.361
-8.22402
-57.5276
-39.4196
-10.4232
5
7.62939e-06
8.99999
27
36.4348
20.4348
19
6
-46
-21
37.5768
9.57681
-13.5768
-1.57681
8.00001
26
16
-8.99998
-14
-5.00002
-14
-10
-12
-18
16
27
8
8.00002
25.1442
9.14417
-4.14421
0.855804
-20.5029
-14.5029
19.6433
13.6433
-21
-12
21.3567
31.3567
1.50292
-58.4971
-62.8558
-3.85579
-29.1442
-31.1442
44
44
-1.00001
-22
-11.4232
-16.4232
-49
-33
21.7152
45.7152
7.99998
-64
-47
34.1442
67.5768
71.9922
39.8975
-58.4878
-3.1559
54.3434
-151.351
-190.353
-76.3492
-44.8976
-21.8884
-25.0116
-17.5596
-13.5596
-11.6451
0
0
-32.0116
-27.0116
-10.4232
-3.42322
3
5.99998
6.99995
8
-6.2847
-8.26958
68.4839
194.938
219.522
104.361
-30.224
-67.5276
-35.4196
-5.42319
1.99999
-0.999992
21
42
22.4348
7.43481
34
-3
-54
-8
39.5768
2.57679
-14.5768
2.42321
4.99999
19
6.00002
-18
-7.00002
20
1.00001
-17
-17
-18
13
25
3
10
33
15
-7.00001
-11
-20
-8.00001
25
32
-21
-39
18
30
-34
-51
11
29
-50
-50
15
16
18
32
-16.4232
-62.4232
-28
-1
28.7152
22.7152
-33
-23
26
39.4326
1.5768
15.1326
29.9696
-80.7724
-12.7992
82.0568
-109.78
-182.353
-87.3492
-44.7552
-27.8884
-23.0116
-10.9884
-9.98843
-13.2884
0
0
-43.0116
-31.0116
-8.42319
-0.423218
6
11
2.99995
-7.99995
-6.2847
9.73041
71.4839
190.938
226.522
99.3608
-41.224
-75.5276
-38.4196
-0.423203
0.999992
7.62939e-06
28
44
16.4348
3.4348
47
-15
-55
16
35.5768
-8.42322
-28.5768
9.42322
14
-0.999992
-12
-18
5.99998
47
19
-26
-18
-9.99999
8
20
-7.00001
12
37
14
-11
-26
-14
-4.00001
6.00001
32
-4.00001
-38
10
21
-40
-42
24
24
-16
-12
-21
-19
15
42
-16.4232
-23.4232
32
-3.99999
10.7152
-21.2848
-75
22
69
3.4326
-42.4232
-17.8674
27.9696
-75.7724
7.20078
86.0568
-94.7796
-150.353
-98.3492
-53.7552
-46.8884
-29.0116
-2.98837
-1.98842
-10.2885
0
0
-46.0116
-30.0116
-6.71358
-0.713608
3.29041
9.29034
-3.29042
-17.2903
-4.99435
16.0208
66.484
180.938
226.522
101.361
-22.224
-60.5276
-45.4196
-3.42319
-3
-3.00001
28
40
4.4348
-9.56519
51
-7.99998
-43
24
27.5768
-9.42322
-20.5768
17.4232
6.99999
-16
-17
-12
13
56
21
-31
-10
-1
7.00002
19
-14
6.99998
44.9279
18.9279
-18.9279
-37.9279
-16.7096
-6.7096
-13.5712
13.4288
16
-2
3.57121
6.57119
-4.29044
-40.2904
-56.0721
-23.0721
33.0721
45.0721
-34
-15
37
24
-3.42321
3.57679
27
1.52588e-05
-13.2848
-52.2848
-41
11
-6
-16.8558
2.5768
9.9922
18.8975
-73.4878
51.8441
96.3434
-116.351
-136.353
-96.3492
-65.8976
-57.8884
-37.0116
-4.55959
0.440384
-6.64513
0
0
-41.0116
-25.5087
-5.29437
-4.29437
-3.12881
4.87114
-7.87119
-18.8711
-1.41357
14.6016
56.484
166.938
221.522
111.361
4.2731
-42.5276
-50.9167
-9.42319
-5.00001
-4.00002
26
36
-7.5652
-27.5652
46
9.00002
-29
14
18.5768
3.57679
0.42321
14.4232
-15
-24
-11
-4
15
53
19
-28
-4.00002
-3
3.00001
18
-18
-1.00002
63.7837
37.7837
-24.7837
-38.7837
-21.1288
-11.1288
-23.7136
-12.7136
15
39
9.71358
-18.2864
30.1288
-13.8712
-111.216
-60.2163
60.2163
75.2163
-31
-1
32
-19
8.57681
4.57681
18
-8.99999
-89.2848
-42.2848
36
-35
-70
15
60.5768
50.2788
-1.24668
-80.9186
101.131
107.131
-158.637
-142.281
-80.205
-72.4688
-59.8884
-42.0116
-14.702
-4.70201
-3.35847
0
0
-35.5087
-20.7933
-4.58479
-7.29434
-10.1288
0.871124
-7.87117
-16.8712
4.30183
17.1045
47.484
152.15
219.807
126.936
8.5577
-48.5276
-52.9109
-10.4232
1
3.99998
29
34
-1.5652
-30.5652
34
14
-27
3
15.5768
22.5768
4.42321
-7.57682
-33
-29
-3.99999
2.99998
16
53
31
-17
-9.00001
-17
-9.00001
16
-17
-3.00001
72.7116
46.7116
-21.7116
-29.7116
-20.8384
-13.8384
-28.2848
-35.2848
2.28882e-05
55
29.2848
-13.7152
37.8384
11.8384
-77.2884
-28.2884
36.2884
13.2884
-40
-3.00001
-2.00002
-22
27.5768
14.5768
32
-44
-143.285
-21.2848
49
-38
-0.999992
38
26.4326
46.7058
-22.3188
-66.8465
140.846
91.4876
-199.425
-148.209
-64.9166
-72.3967
-59.8884
-45.0116
-22.2732
-11.2732
-2.71515
0
0
-33.7933
-18.8712
-4.29442
-7.71355
-13.7096
-2.70967
-5.29039
-11.2904
11.1518
21.5295
39.484
138.575
220.376
145.086
0.635597
-70.5276
-55.408
-8.42319
10
15
35
34
10.4348
-24.5652
21
3.99999
-37
-3.99999
20.5768
38.5768
4.4232
-23.5768
-42
-28
4
6.99998
16
58
40
-13
-17
-32
-19
20
-6.99999
0
65.7116
41.7116
-13.7116
-22.7116
-25.8384
-15.8384
-23.2848
-44.2848
-13
43
38.2848
11.2848
25.8384
13.8384
-29.2884
-12.2884
-22.7116
-49.7116
-13
28
-6
13
21.5768
3.57683
24
-38
-81.2848
-28.2848
-12
-14
79
21
-32.8558
19.4174
-35.3188
-17.2715
163.99
48.9847
-217.569
-148.136
-64.6282
-71.2525
-54.8884
-44.0116
-25.2732
-17.2732
-6.71516
0
0
-36.8712
-21.1616
-5.21652
-8.92606
-11.4971
-2.49715
-4.5029
-6.50288
17.0797
24.2449
29.484
123.788
219.661
161.661
4.926
-81.5276
-61.408
-9.4232
13
19
37
32
16.4348
-14.5652
19
-9
-49
-5.99998
26.5768
44.5768
7.4232
-23.5768
-42
-22
11
8
17
67
31
-26
-18
-39
-24
25
3
1
65.7116
44.7116
-10.7116
-24.7116
-36.8384
-14.8384
-3.7819
-31.7819
-25
14
30.7819
26.7819
16.8384
7.83839
-15.2884
-36.2884
-53.7116
-40.7116
18
53
21
37
-8.42321
-18.4232
12
-10
-0.284821
-37.2848
-65
-31
45
14
-7.42876
-0.870995
-36.3188
56.516
166.347
-9.80281
-208.641
-142.92
-77.3398
-66.1804
-45.8884
-39.0116
-26.2732
-23.2732
-12.7152
0
0
-40.0174
-25.1616
-8.429
-10.429
-7.99419
0.00578308
-4.00581
-6.0058
19.4384
24.7478
18.5561
108.571
215.657
171.801
30.5731
-67.8084
-71.1234
-17.0665
7.1442
13
32
27
21.4348
1.4348
29
-13
-56
-3.99998
29.4326
39.4326
2.5674
-23.4326
-36
-13
16
6.99998
19
76
21
-37
-13
-40
-28
23
0
-6
58.7116
38.7116
-14.7837
-31.7116
-46.0567
-4.83839
31.0114
-1.279
-25
1.99998
20.279
12.9886
10.8384
13.1288
-8.28841
-36.2884
-29.7116
2.28841
-15
3
36
33
-14.5674
-7.42319
23.1442
-8.99999
1.71517
-43.1406
-85
-42.1442
0.999992
31
46.7136
-23.5161
-32.463
128.3
149.632
-72.6586
-189.787
-140.203
-87.7668
-50.1804
-36.598
-33.0116
-26.2732
-28.2731
-17.7152
0
0
-38.7915
-31.152
-14.9261
-9.92607
-7.49713
-0.497116
-2.64711
-7.50287
16.7913
21.3132
14.8369
95.3474
193.784
182.076
73.8673
-48.5787
-84.9754
-23.8502
8.29219
1.07589
20.5029
23.5712
16.0761
15.0761
40
-11.1442
-51.8538
-1.78169
27.9279
29.1442
-1.21831
-25.2183
-32
-6.14418
18
17
30.9279
61.9279
12
-23
-3.9279
-36.9279
-33
8.99998
-12.8558
-23
19.7799
1.92411
-27.9279
-21.7837
-11.2087
32.7308
54.873
13.7893
-14.8558
12.1442
23.2107
-8.87299
-7.37409
16.7096
-0.360527
-10.8576
-9.28082
14.5067
-42.7817
-35.0721
28.7096
8.7096
-0.855804
5.50471
31.0797
-15.1366
-32.4252
-75.8522
-93
-0.717171
33
55.5654
46.8502
-51.8766
-9.54271
177.579
105.846
-129.871
-167.863
-126.841
-93.8333
-43.6074
-30.0172
-27.5087
-24.2049
-29.2048
-20.9277
0
0
-35.9165
-37.1328
-23.279
-11.4232
-8.00006
-3.00005
-5.43257
-9.14413
17.2201
19.019
16.2505
80.186
157.118
200.564
112.161
-41.0644
-87.2486
-26.4118
11.2998
-9.98481
16.5087
19.7136
3.3587
24.3587
34
-6.43259
-27.5614
0.6549
16.3511
16.8558
1.77769
-23.0781
-31
-11.4326
14
47
55.7837
15.7837
-7.00002
8.00002
2.2163
-34.7837
-40
-10
-18.5674
-37
-22.0835
-21.7951
-15
24.2163
53.1422
59.3663
34.725
-1.57119
-8.56739
5.43258
18.5712
-8.72498
-21.2962
17
4.49531
-9.49892
-23.1288
-4.55376
-25.6355
-3.21632
22.7
-3.29999
14.4288
-8.21071
11.0893
-15.4098
-51.4897
-87.2051
-44.3587
23.0665
33.5712
64.6962
11.4781
-61.3833
47.0892
196.357
36.9126
-171.731
-144.714
-99.4063
-96.6835
-55.7422
-29.2239
-22.9317
-19.0683
-26.0683
-20.3527
0
0
-34.8424
-39.4136
-27.4156
-13.1328
-8.00005
-5.00006
-12.5768
-11.4325
27.1518
27.2315
13.3112
58.6697
134.032
219.919
123.668
-33.8481
-61.3852
-34.4725
-16.2676
-14.1935
37.0116
8.0723
-4.99998
26
9.99998
6.56738
4.43858
-0.417198
-4.43059
5.002
2.55939
-15.1522
-27
-25.4326
12
81
75.7116
-23.2884
-24
26
2.28839
-37.7116
-49
-21
-10.5674
-26
-3.87099
22.2732
35
55.2884
42.4268
7.92969
-13.3529
-9.85579
7.4326
-18.5674
-8.1442
12.3529
-17.5029
14
14.5674
-23.9297
-17.1172
-9.32968
-48.2884
8.42118
37.8424
15.8424
24.2864
-22.4252
-15.1212
-5.54639
-46.1975
-52.3435
24.4951
-12.2239
-13.0018
44.977
-27.319
-29.6092
117.585
183.427
-28.9508
-194.877
-133.846
-86.3324
-86.9663
-56.0154
-33.7892
-21.8576
-15.6414
-22.6413
-15.9239
0
0
-34.7078
-39.9944
-27.5502
-12.552
-8.00002
-6.00005
-15.5768
-12.5767
34.3643
36.8007
9.45161
38.3813
117.89
222.558
136.306
-13.3452
-38.2352
-41.6832
-50.5542
-20.1252
58.0116
2.64729
-24
11
5
27.8558
18.1462
-9.9259
-12.4893
7.72699
-2.80111
-22.6569
-29
-22.1442
33
101
70.7116
-39.2884
-35
25
9.28841
-39.7116
-63
-27
16.1442
21
60.4174
70.4174
35
23.1442
-15.5732
-46.5732
-31.5674
3.43261
12.1442
-31.8558
-1.43259
38.5674
-26
-15
17.8558
-4.64129
18.8828
-15.6201
-100.869
-14.8692
51.9944
32.4232
27.7152
-16.4252
-25.1212
-2.54639
-48.8388
-47.129
23.5634
-28.7268
6.13859
31.2636
-58.5353
28.1649
185.725
145.431
-90.6624
-206.661
-129.562
-85.9036
-71.3913
-42.8654
-38.4288
-25.4288
-14.9239
-18.9239
-11.6413
0
0
-35.9944
-38.7819
-27.1232
-13.552
-8
-5.00003
-6.57681
-10.5768
24.5768
36.0853
13.0949
28.8824
91.5333
196.408
175.583
23.7327
-50.5843
-35.3227
-46.835
-36.8406
47.0116
21.4348
-49.8596
-20.8596
27.3567
41.3567
10.1442
-10.9279
7.30199
17.2299
-13.9433
-44.8712
-33.0721
19
79.0721
86.0721
19.7837
-50.2163
-25
25
10.2163
-42.7837
-68.0721
-17.0721
60
81
66.4933
25.4933
-15
-14
-17.9299
-24.9299
-12.4232
6.57681
-7.00002
-26
20.4232
20.4232
-58.0721
-49.0721
11
54.0779
42.8712
-42.0625
-89.5067
-2.15379
55.854
18.2145
17.0739
-3.4953
-31.2636
-52.5464
-78.0569
-37.2049
7.0625
14.0607
52.8482
0.975204
-59.1045
96.5178
227.078
88.503
-146.799
-203.513
-120.133
-83.4728
-62.8884
-37.8654
-39.4971
-27.4971
-14.996
-15.996
-8.99998
0
0
-35.7041
-37.7761
-27.1328
-14.1328
-8
-5.00003
7.4232
-4.57681
5.5768
25.444
20.7402
31.9527
64.1708
147.621
214.513
76.5202
-68.945
-25.1785
-19.8937
-54.833
12.7991
51.4348
-42.5788
-45.5788
29.0701
28.0701
-3.56741
3.43261
30.7991
3.36649
-39.7951
-46.5067
-1.14422
85
116.216
35.2163
-55.0721
-57.0721
5.00001
28
0.0721054
-27.9279
-31.2163
12.7837
70
81
4.35668
-47.6433
-33
-7.99998
15.3567
9.35669
-6.4232
-12.4232
-9.00002
-4
-1.57677
-37.5768
-59.2163
-29.2163
2.99998
82.6471
45.7192
-51.4953
-35.575
21.9866
44.4953
-8.71343
6.8634
14.4384
-50.7627
-96.6906
-40.0645
18.9317
-18.9355
32.0607
31.6982
-67.169
-4.32079
170.301
205.575
14.3588
-174.649
-179.008
-110.27
-80.467
-59.8884
-41.2962
-37.4913
-25.4913
-15.8576
-15.8576
-8
0
0
-34.2732
-38.2732
-27.4232
-13.4232
-8.14421
-6.14421
12.7799
0.779846
-2.77992
12.0835
20.596
41.3835
47.8103
98.5485
215.084
138.589
-38.3037
-32.8939
-13.814
-58.0379
-14.9125
65.0078
-5.72301
-51.723
-3.92989
3.0701
-13.5674
9.43261
33.5087
-20.2806
-74.146
-12.8576
82.9279
121.429
93.2884
-14.7116
-84
-46
14
20
11
21
29.7116
25.7116
14.5712
2.99998
-33.2828
-44.7116
-19.8558
8.14419
26
9.00001
-14.5674
-20.5674
2.85577
8.8558
-23.4326
-52.4326
-12.2884
25.7116
-9.42882
37.0721
8.21431
-47.854
14.6375
37.702
30.7837
-27
-5.99041
11.8009
-74.6185
-59.8348
44.2884
31.8558
-52.296
21.6982
-27.3018
-117.954
96.237
233.294
122.434
-69.4932
-174.142
-141.217
-105.619
-80.319
-55.9567
-43.5087
-32.9201
-21.9201
-15.2884
-16.2885
-9.9279
0
0
-34.2732
-38.2732
-27.4232
-13.4232
-8.43263
-5.43259
6.49333
1.49326
4.50667
2.79512
12.8806
47.7402
42.6623
69.8313
175.433
193.01
44.9146
-60.9584
-41.8805
-43.0341
-20.979
54.1538
36.852
-37.2922
-43.7875
-19.6433
-40.8558
-27.2125
11.1462
-21.4989
-56.996
75.1482
177.429
84.2864
-5.7116
-42.7116
-45
-16
0
9
34
54
47.7116
3.7116
-40.2864
-53
-21.4973
-4.71159
-8.49529
13.4326
20
1.00001
-12.8558
-10.8558
1.56739
6.5674
0.855804
-15.1442
9.71162
41.7116
-10.2864
-12.4288
-47.2906
-55.6473
44.7837
50.2828
30.7134
-33.9299
-35.4875
-31.9828
-78.5464
10.8806
42.2884
6.277
-2.73441
-5.2335
-91.0114
-49.1746
214.148
229.499
18.0095
-146.125
-161.71
-103.279
-105.968
-83.5297
-47.8029
-40.5029
-27.7835
-17.7835
-13.2884
-16.2164
-13.7837
0
0
-29.2732
-34.2732
-24.5674
-13.5674
-11.2201
-8.22009
-3.36249
1.63748
13.3625
0.506729
6.66429
43.594
43.7306
58.3228
126.778
206.793
139.059
-52.3095
-94.945
-32.9582
-6.18592
20.6585
65.5029
22.9261
-46.4326
-52.1442
-77.5009
-80.2143
-35.0018
0.21067
50.7953
164.012
163.286
-1.28479
-83.7116
-39.7116
0.144188
5.1442
-10
2.99999
33.8558
39.8558
21.7116
-15.2884
-37.7152
-37
-4.21272
4.28841
-5.20689
14.5768
20
2
-10
-5
0.42321
7.42321
28
18
-6.28838
4.7116
-4.71523
-3.2864
-41.0781
-51.7935
23.6433
29.9299
22.4268
-29.5732
-45.5558
-50.1252
-45.8368
32.021
-13.8558
15.6982
42.8368
-103.947
-108.3
153.962
291.633
130.419
-70.5617
-185.761
-151.915
-87.9811
-99.3949
-76.5259
-40.2904
-36
-26.2864
-18.2864
-12.6451
-13.501
-14.2866
0
0
-21.2732
-25.2731
-18.8558
-14.8559
-16.5067
-15.5067
-6.78754
4.21251
11.7875
2.78754
3.22968
28.9469
44.1614
51.1027
96.0514
172.433
198.991
41.8327
-127.226
-71.8064
12.463
-0.406006
41.9413
77.0761
12.4232
-40.4326
-52.5027
-74.0036
-64.6507
22.9944
112.729
125.302
40.7152
-65.7136
-71.7116
-12.7116
6.4326
3.43261
-9
-1.00002
18.5674
16.5674
3.71159
-10.2884
-11.2864
-7.99998
-0.641518
-3.7116
-5.2069
11.5768
18
1.99999
-8.00002
1.00001
8.42323
7.42322
24
34
-1.28838
-32.2884
-21.7152
13.2848
16.5652
-15.0781
-20
-12.3567
-16.5732
-41.429
-25.9828
5.3036
7.15359
-6.98861
-32
23.0569
-45.2295
-177.52
28.2676
318.818
249.766
16.624
-124.848
-183.404
-149.188
-95.5351
-81.1786
-59.7384
-38
-32
-27.4288
-23.4288
-13.3585
-8.28647
-10.2924
0
0
-18.2049
-19.2048
-16
-16
-19.3625
-19.3625
-1.35875
9.64133
6.00006
2.00002
0.726776
18.871
40.448
43.8864
70.1063
117.488
192.993
162.839
-62.5086
-145.298
-7.60151
21.6016
1.37973
55.0116
60.5674
37.4232
22.8522
-23.4362
-47.6525
11.9243
34.0873
17.4458
-19.2127
-71.5712
-43.7837
3.21629
5.57681
3.57681
1
1.99998
7.42319
4.42321
-1.2163
-5.21632
0.571213
3.00002
0.57299
-3.78371
-3.4953
5.43261
6.00001
-6.00002
-5.85582
10.1442
22.5674
9.56741
11.8558
38.8558
18.7116
-35.2884
-47.2864
-13.2864
44.9239
28.9239
-26.7875
-34.7875
-60.5732
-69.1406
-14.1252
52.3036
26.0056
-24.7116
-5.93171
-32.2277
-170.161
-94.5275
256.622
325.03
110.618
-49.3798
-144.416
-172.044
-141.824
-93.3775
-66.8844
-51.5942
-36.7096
-27.7096
-27.1442
-25.1442
-13.0056
-6.00565
-6.57901
0
0
-18.0683
-18.0683
-16
-16
-18.7875
-17.7875
0.923889
9.9239
4.00003
1
2.72679
19.7268
37.5904
38.0231
38.4458
71.9677
142.488
214.562
76.7798
-144.509
-80.0227
14.8996
8.39111
20.873
35
60.5674
52.0647
15.4196
-14.863
-20.9295
-30.7743
-9.27157
-4.49731
-46
-33.9279
5.07208
16.5768
13.5768
9.00001
5.00001
0.423187
-5.57681
-6.0721
-3.07211
5
9.00001
-0.927902
-5.9279
0.144203
2.1442
-5
-14
-2.56742
20.4326
38.8558
16.8558
1.56738
29.5674
27.7116
-15.2884
-48.4288
-38.4288
15.6413
22.6413
-17.3625
-32.0058
-39.429
-27.3531
-4.84061
9.30358
-12.4232
2.8558
-11.9393
-134.019
-146.383
110.962
353.118
213.099
-10.3818
-89.5202
-149.693
-161.96
-121.816
-77.7987
-60.5922
-49.3058
-35.1288
-25.1288
-25.4326
-24.4326
-11.5864
-5.5864
-4.43481
0
0
-18.7096
-19.7096
-16
-15
-16.2183
-14.2183
-7.43477
0.565201
2.42877
2.42879
10.298
24.298
36.0174
34.5904
24.5786
55.8784
99.0494
175.776
177.71
-20.7211
-130.512
-64.7986
18.3967
32.0911
1.00561
1.28458
24.4252
39.9946
12.1428
-25.2824
-13.7839
14.0054
3.7893
-25
-28
0
19.2884
16.2884
7.00002
2.00001
-3.28841
-10.2884
-6.99999
2.99998
12
15.8558
-2.8538
-10.7817
2.9279
3.00001
-8.92791
-16.9279
0.861389
26.8614
43
20
-1.86141
17.1386
26.7837
10.7837
-17
-23
-24.2904
-34.2904
-50.3625
-47.6491
11.5027
62.9335
26.3681
-44.3435
-26.5674
10.2828
-108.516
-182.027
48.1062
296.954
254.182
68.239
-67.9492
-124.875
-150.186
-144.668
-95.8804
-63.5786
-55.3
-44.8712
-34.8384
-26.8384
-24.5768
-23.5769
-10.7326
-3.73257
-2.43481
0
0
-19.1288
-22.1288
-16
-12
-12.6549
-11.6549
-6.43477
-0.434769
-2.71364
1.28636
14.4404
25.4404
31.729
28.0174
19.4989
43.5766
87.6831
117.991
170.998
124.924
-71.8613
-132.865
-38.5977
40.1726
28.6525
-31.5694
-2.77971
38.5734
14.862
-1.06412
15.5614
14.3507
0.360512
-13
-25
-9.99998
10.7116
7.71158
2.00001
0.999992
-3.71159
-7.71157
-4.99998
7.99995
20
22.7116
1.36651
-9.4893
2.8558
2.00002
-11.7837
-20.7837
-4.56939
20.4306
35
25
11.5694
10.5694
13.9279
22.9279
15
1.00002
-40.8712
-64.8712
-61.7875
-50.4308
9.93352
56.5768
27.2181
-27.0665
9.7154
-58.0056
-190.021
-55.9621
242.954
331.093
118.032
-48.9793
-115.16
-144.154
-140.182
-122.027
-72.8766
-54.2181
-50.2904
-38.8616
-33.4096
-28.8384
-24.5768
-22.5768
-10.4442
-2.44418
-1.57901
0
0
-20.1288
-23.1288
-16
-8.8558
-8.72899
-9.87321
2.5652
4.56523
-8.28481
-2.28484
12.0116
22.0116
25.5848
18.4386
16.4855
28.1382
85.9659
93.9947
106.571
183.642
60.8541
-100.514
-121.158
-17.0267
52.8744
-2.8484
4.00961
11.2906
-7.99382
16.0783
25.3413
-4.51269
-6.85578
2.00001
-8.42879
-6.4288
6.42317
-2.57679
-1
3.99998
-3.42319
-5.42316
-3.57117
10.4287
24
25.427
5.93971
-7.70359
-1.07211
-0.855797
-12.7116
-24.7116
-15.7136
6.2864
26.4288
35.4288
26.7136
0.713608
-6.99999
16
20.5712
1.57121
-31.4424
-28.4424
-7.57501
-13.575
-20.5674
-18.5674
-7.71361
7.42878
-21.5047
-159.584
-99.1688
179.175
288.165
220.163
41.5977
-131.057
-168.655
-134.714
-121.325
-95.5237
-55.5103
-52.0018
-48
-30.1424
-26.552
-25.4096
-24.5768
-23.9335
-11.3721
-2.9433
-2.79529
0
0
-22.7096
-23.7096
-16
-7.71162
-5.4406
-7.87318
-2.43481
-2.4348
-10.2848
-3.28479
13.0116
22.0116
22.5848
13.7136
20.4759
31.2806
56.9641
72.7025
84.2072
161.359
152.856
19.4137
-117.44
-115.234
-25.2508
27.5918
43.4364
2.14819
-14.7054
14.435
10.5538
-24.729
-13.1442
18.8558
15.1424
8.71357
10.1386
-10.5768
-4.1442
8.99998
-3.42319
-6.42316
-3.71358
8.28635
20
23.7136
12.01
-4.99198
-5.00002
1.36049
-6.71162
-23.3549
-22.5712
-6.5712
11.2864
32.8576
28.5712
-10.4288
-16
18
22.1424
-7.85762
-22.4328
7.56719
21.85
-8.72498
-23.4308
-12.8558
-19.5712
-37.6471
-116.871
-117.877
128.9
289.808
193.732
94.2374
-22.6224
-182.42
-184.644
-114.274
-100.607
-71.9429
-44.9315
-54.5009
-47.9279
-20.4991
-13.4136
-17.2712
-24.2864
-26.146
-14.5163
-5.01161
-4.79526
0
0
-20
-21
-16
-9.85585
-6.15022
-6.65488
-10.6473
-9.64731
-6.71359
1.28644
16.5087
23.5087
23.4386
14.5674
17.0567
30.0759
20.1007
47.6112
96.0458
120.207
162.993
125.628
-8.94701
-131.736
-141.662
-21.9622
51.3757
27.7288
7.7328
7.86938
0.553795
-21.302
-14.4326
17.5674
24.5712
20.5694
11.854
-12.8614
-6.71722
7.99998
-3.56739
-8.56735
-5.71358
5.28636
16.4971
23.2107
18.2946
-0.563179
-9.00002
-0.567413
-0.0645065
-12.3511
-20
-18
-3.06649
16.9317
12.4971
-8.50288
-1.00001
26
24.5712
-1.57302
-24.2125
-2
2.92209
-30.2962
7.27502
30.425
-62.6471
-125.945
-74.8103
94.8312
269.677
212.442
63.0133
3.6682
-98.1233
-188.917
-158.98
-102.04
-79.8123
-57.0074
-39.0056
-50.7192
-44.8558
-16.8558
-7.42319
-14.7837
-20.8518
-19.3567
-12.4442
-8.21832
-9.36067
0
0
-12
-14.9999
-16
-13.0001
-9.92992
-7.21829
-10.0723
-8.0723
-0.571198
5.42882
14.5029
21.5029
23.1462
15.8558
11.9375
13.0913
9.59018
45.019
85.594
91.1804
136.901
153.693
89.5483
-30.1691
-129.37
-112.3
-44.1004
3.03241
26.6036
43.5922
19.4134
-14.5866
-15.4326
1.4232
28
34.2828
11.1386
-11.146
1.56938
8.57118
-5.8558
-13.8558
-11.5712
1.42878
15.9942
23.5654
10.2185
-7.2085
-12.8558
-7.63951
3.2297
4.58641
-7
-18
-1.34529
-1.06252
-16.9375
4.06252
27
23
11
6.56741
-14.8556
-14.2864
-9.00581
-32.0078
-2.01539
-21.0096
-114.801
-55.4594
127.25
235.677
223.167
85.941
-34.3454
-79.1213
-149.047
-162.757
-125.808
-90.7306
-62.6605
-47.3643
-32.2259
-38.7971
-38.9279
-20.9279
-14.0741
-19.5087
-13.7096
-3.56737
-2.65286
-11
-15.7799
0
0
-7.99995
-11.9999
-16
-14.0001
-11.9279
-8
-7.28479
-6.28477
1
5.99998
11
19
21
15
8.45004
1.1692
11.6509
47.4364
66.0094
73.8007
113.169
136.683
109.619
80.5445
17.7003
-101.579
-163.44
-120.022
-14.6033
81.6699
57.5652
-5.15021
-16.1442
-5.57681
24
35.8558
18.8578
2.5732
18.7136
16.1424
-9
-20
-19.1442
-6.14418
11.4971
20.4971
-2.92966
-18.6413
-13.7116
-5.71161
5.3018
7.15762
5.50289
4.50288
6.51051
-16.6337
-30.0134
12.9866
40
15
-7.575
-2.15179
0.0684891
-3.28641
-15.5029
-64.0116
-72.1596
-47.3701
-8.3835
140.461
233.744
190.099
107.376
-18.1994
-101.057
-126.694
-156.254
-138.88
-102.578
-76.7911
-52.6529
-40.15
-26.3
-30.3
-35
-23
-16.3645
-18.8674
-8.71164
4.43265
3.28464
-11.2126
-16.4933
0
0
-7.99994
-11.9999
-16.0001
-15.0001
-12
-8
-5.28479
-5.28476
-1
5.99997
8.99998
16
19
13
7.01543
1.80292
11.0779
39.723
50.5065
57.0814
91.3016
111.457
98.2581
130.33
140.055
8.91481
-144.658
-190.303
-118.313
-11.683
42.3679
35.3679
23.6471
22.9962
8.4288
1
10.727
16.727
38.5712
28.5712
-9
-18
-18.2884
-7.43257
9.35869
16
1.35291
-18.8558
-22.7116
-3.71162
6.00759
-4.28076
5.50867
27.5087
15.9317
-19.5712
-25.873
10.6299
29
4.28078
-10.8692
0.417412
-6.86141
-34.2884
-60.0038
-89.0855
-40.3739
87.0531
170.18
199.888
165.812
89.7419
2.23319
-103.057
-143.835
-130.112
-134.529
-119.516
-88.9371
-65.5065
-44.5029
-32.5029
-21.3
-26.3
-32
-18.9999
-10.579
-14.5791
-8.85585
4.14424
4.36255
-9.63756
-13.2125
0
0
-7.99995
-11.9999
-16
-16.0001
-12
-8
-3.28479
-2.28477
-3
3.99998
7
12
17
12
8.86162
4.3587
9.5808
28.6567
33.2902
39.2939
67.4382
83.7362
96.038
134.114
160.695
110.12
-7.17071
-115.952
-168.736
-144.962
-72.6852
3.38889
62.298
70.8576
23.5047
-14.0683
-7.40959
2.3058
44.1442
41
-8.2125
-10.2125
-9.1442
-0.861382
10.8636
11
11.9163
-18.0703
-39.7799
-2.06831
18.1442
1.00002
3.50867
30.5087
18.0683
-19.9375
-22.0855
11.3453
22.2808
-6.6547
-21.0855
-6.50668
-53.9317
-94.3663
-50.0835
20.7685
116.977
202.398
200.531
114.962
48.3111
0.529388
-76.3342
-145.625
-151.036
-115.453
-104.59
-100.3
-79.5824
-53.721
-35
-24
-15.3
-23.3
-28.5028
-13.5028
-5.93193
-12.9319
-11
4.00002
6.15002
-7.85007
-10
0
0
-7.99998
-11.9999
-16
-16.0001
-12
-8
-1.28481
1.71519
-3.99998
1.52588e-05
4
8.00003
15
12
9.21074
5.2049
7.29036
16.1538
19.9335
27.7931
48.0777
58.8748
89.5333
118.038
137.256
150.256
95.3967
4.2563
-84.7397
-124.03
-159.951
-121.664
-11.1252
33.8614
26.7268
16.3701
27.8047
14.8788
26.723
25.1442
-5.6375
-1.6375
3.29039
9.28862
11.5069
5.70957
16.4076
-20.3607
-52.2049
1.36251
37
20
2.50288
14.5712
8.20492
-14.0855
-6.65471
13.2732
0.345299
-43.1556
-59.7951
-35.0779
-49.5067
-17.0172
89.406
156.907
180.825
171.744
119.886
12.3928
-61.0456
-80.2581
-113.827
-143.539
-132.235
-97.5844
-83.0114
-87.5085
-67.0094
-36.5768
-25
-17
-11.3
-22.3
-25.5087
-9.50864
-3.92616
-11.9261
-12
3
7.14998
-3.85005
-5
0
0
-7.99998
-11.9999
-15
-16.0001
-12
-8
1.71519
4.71516
-4.99998
-3.99995
0
4.99998
12
11
13.9203
11.4174
3.85576
5.78752
11.2922
22.1518
37.2201
41.0114
66.0286
89.8199
116.315
145.75
118.82
85.7516
50.9661
-2.74749
-110.074
-166.934
-118.336
-72.2107
-54.554
-17.0473
43.3036
41.3797
34.0893
23.7172
2.79709
12.7971
20.3683
23.9395
16.8578
4.41918
17.2672
-16.2924
-54.4933
-9.06628
29
16
-12.1442
-15.0076
-0.939301
2.7665
1.6982
-8.86723
-44.1556
-65.2998
-31.8672
19.7721
71.9107
124.903
152.252
158.334
131.112
81.0265
24.3169
-60.038
-120.973
-125.182
-126.317
-125.454
-108.011
-82.2942
-67.2201
-74.1422
-53.721
-22.5768
-16.575
-10.575
-10.725
-23.725
-22.8674
-5.86736
-2.56746
-11.5674
-12.2125
0.787491
8.36247
1.3625
-0.855804
0
0
-7.99995
-11.9999
-14
-16.0001
-12
-8
4.71521
5.71516
-7
-6.99995
-3
3.99998
8.99997
9.00003
18.7058
16.7058
1.71159
-0.432602
4.78751
20.2201
32.7951
29.9393
43.2393
61.6018
95.8045
124.167
105.594
117.313
136.884
85.5371
-3.7057
-96.1423
-117.907
-87.854
-114.406
-107.755
-36.6205
-11.2598
7.01899
18.0056
10.3038
25.5884
33.5846
34.1558
21.8558
5.70961
21.4913
0.204689
-40.2125
-22.0701
-1.00002
-5.42883
-28.0076
-39.3643
-11.4364
6.55022
2.91071
7.20485
0.700195
16.0531
75.5578
114.552
140.537
131.108
71.0359
74.1158
78.687
-1.1802
-67.5389
-98.1121
-120.541
-129.74
-129.304
-106.087
-84.5105
-63.8712
-44.8538
-53.273
-51.5768
-25.5768
-10.725
-4.72499
-11.575
-26.575
-21.579
-2.57899
0.14418
-10.8558
-12.6375
-0.637512
10.7875
3.78755
0.432602
0
0
-8.99995
-16
-17
-14
-9
-8
3.71518
4.71519
-7.99997
-6.99998
-3
3
6.99998
6.99998
13.7817
11.7817
1.8558
0.423172
4.56741
20.1442
27.7951
20.7951
32.3037
49.2355
73.7306
90.8748
83.0152
112.59
152.941
124.818
72.0041
-5.7191
-38.1917
-16.0627
-67.9734
-108.97
-91.3263
-81.4705
-84.9109
-50.4156
-14.552
-5.47989
5.87298
9.3683
2.78753
-4.21249
24.2125
21.273
-14
-18.4288
-12
-0.00182343
-4.51427
-19.3643
4.49151
27.6944
41.6261
79.2732
96.7685
101.478
115.339
111.41
83.0283
62.1004
11.1138
-9.81409
5.685
-56.1726
-114.178
-118.964
-116.245
-113.805
-108.013
-84.5085
-62.725
-44.8712
-28.275
-34.1288
-47.0056
-31.8614
-14.2962
-10.2962
-14
-22
-14.8636
-0.863602
-6
-13
-5.70581
2.2942
11
6.00002
4.72302
0
0
-7.99998
-21
-21
-10
-5
-10
-0.284836
3.71521
-6.99995
-5
-1
1
4
4.99998
5.6451
2.64514
1
6.56737
12.4232
20.8558
19.9317
11.9317
23.4346
41.723
53.2355
57.8768
65.7989
91.1576
121.575
128.233
112.057
68.3456
41.9545
39.5123
5.52751
-26.7591
-56.2562
-80.8292
-95.1234
-75.1955
-58.1953
-61.6866
-48.3395
-38.3529
-28.7779
-19.1346
6.99999
17.1346
2.00004
-6.99997
4.92786
34.2107
45.6982
27.2732
40.7761
68.0511
83.4098
101.269
89.981
71.8348
67.552
59.8406
30.5274
10.8803
-22.3112
-59.4478
-68.8844
-94.4574
-121.383
-112.879
-111.306
-92.7344
-66.5882
-63.5768
-47.2904
-33.2904
-26.277
-26.7096
-27.4344
-22.4306
-26.7174
-26.2886
-16.9999
-9.99998
-1.72124
1.27881
-18
-16
5.58258
5.58261
6
5.99998
10.0154
0
0
-1
-17
-19
-8.00005
-7
-15
-4.28481
3.71519
-2.99998
-2
0
0
1
2
-0.423203
-2.27899
1.1442
9.85579
18.4232
21.5674
15.8558
8.85583
15.2904
30.4346
36.448
38.7326
54.7951
66.8672
80.9297
102.009
118.966
106.048
84.5219
74.0094
59.0967
45.9505
4.0947
-37.4763
-29.6205
-25.9071
-52.7665
-61.8991
-56.9866
-48.2866
-32.1308
-15.8442
-13.7096
-10.4971
-3.99998
1.52588e-05
28.4991
60.3549
60.4857
29.1953
32.0607
62.4819
75.4098
69.4098
35.3377
7.40778
8.9828
14.7685
-6.8313
-32.9072
-58.167
-84.6507
-101.66
-113.095
-115.444
-92.1556
-80.873
-63.2297
-44.5844
-50.5768
-38
-28
-24.7116
-23.1442
-11.8614
-11.2864
-30.5712
-31.7136
-16.7874
-3.78746
3.63748
2.6375
-16.5712
-11.5712
6.29799
1.298
-2.70958
-1.70958
4.87119
0
0
6.00002
-10
-14
-7.00005
-9
-17
-9.28477
0.715195
1.99998
2.99998
2
0
-2
-2
-4.42317
-2.99059
2.43259
10
19.4232
21.4232
15.5674
9.56743
11.8712
21.8712
23.8672
30.8672
49.9317
46.7893
44.2864
65.5067
97.6645
99.9567
91.3018
94.9353
94.015
90.8025
55.4476
10.4516
16.9545
20.0208
-7.05309
-18.1232
-27.1366
-25.5712
-13.2029
-0.559597
-11.9163
-23.9163
-16
0.999996
38.8578
61.8578
36.9924
-4.73259
-1.22969
28.4136
41.0569
33.4819
3.8386
-26.3759
-36.3018
-30.0911
-54.8996
-69.8996
-74.0911
-97.4306
-105.509
-104.44
-94.7951
-72.0855
-49.7971
-37.7192
-39.721
-41.5767
-28
-22
-20.2884
-17.4326
-6.1442
-8.42876
-25
-26.5712
-15.3625
-3.36249
1.21249
0.212494
-10.7136
-5.71362
3.44041
-3.55962
-9.12881
-9.12877
-3.70961
0
0
5.00003
-9.00003
-12
-3.00002
-3
-12
-15.2848
-6.28476
4.99997
6.99995
6
0
-5
-4
-4.92607
-2.49348
1.93549
8.5029
18.4232
22.4232
15.5674
7.56741
7.16159
15.1616
17.5768
28.5768
50
35.4288
14.2864
32.5029
69.7214
77.7232
76.0134
84.8632
94.292
104.873
88.0833
48.9507
48.8824
52.7987
32.8007
22.0114
3.2884
-3.7837
5.9375
14.5125
7.3741
-8.9105
-14.7096
-3.00001
26.9299
39.9299
7.5654
-28.0855
-17.0855
3.84239
3.2752
-7.16139
-26.5922
-49.8009
-65.5143
-59.7344
-77.4612
-79.9603
-71.5181
-87.4288
-87.5011
-80.5029
-68.9317
-52.5067
-35.575
-28
-33.5768
-32.5767
-17
-13
-16.4326
-13.4326
-5.29039
-9.29039
-21
-22
-13.15
-4.15004
-2.00002
-4
-6.78189
-0.781876
3.50873
-2.49133
-9.83844
-10.8384
-4.99998
0
0
-0.999985
-12
-13
2
6
-5
-19.2848
-12.2847
5.99997
7.99994
7
1
-3
-3
-4.3607
-2.7877
0.9375
6.3645
15.5675
21.5674
14.8557
4.8558
2.16161
10.1616
15.5768
26.5768
45
26
-2.57121
13
53.4973
58.9261
48.9375
56.0056
68.7911
90.0114
93.2902
67.2998
66.6623
69.0074
55.6507
50.2201
28.3605
15.6451
23.575
28.2279
22.7366
12.1674
-0.419209
-4.85581
4.64331
9.6433
-12.5808
-33.5884
-22.7913
-17.6547
-32.1556
-43.6605
-51.021
-65.0855
-77.3701
-68.5181
-70.6661
-63.3777
-53.873
-61
-58.1386
-53.8558
-48.7038
-40.7038
-27
-22.1442
-28.5768
-24.4326
-9
-6.00003
-13.1442
-12.1442
-8.87119
-11.8712
-18
-17
-9.14998
-6.15004
-6.00005
-7
-0.776077
4.22394
0.502899
-3.49712
-9.83842
-11.8384
-5.99997
0
0
-2
-14
-14
4
9
-3
-18.2848
-12.2847
3.99997
6.99995
5
3
2.99998
-1.52588e-05
-3.72121
-3.8636
-1.06628
4.07611
12.3587
17.3587
12
3
4.30002
13.3
13.4326
20.4326
34.1442
14.1442
-9
10
40.8578
39.8578
30.5029
33.8614
43.7152
65.3567
77.7855
66.7172
59.9451
58.1498
58.4306
58.5009
39.4326
27.9297
34
33.8712
24.1654
20.3837
12.7933
-0.5674
-6.99999
-8.00001
-20.2904
-32.448
-31.0721
-34.6489
-47.3018
-57.2279
-54.3018
-59.1576
-68.8009
-59.1614
-51.6623
-43.5085
-35.4346
-36
-33.7799
-33.9241
-35.8384
-33.3355
-17.4971
-14.4326
-24.5768
-18.1442
-5.50294
-4.50288
-12
-12
-9.01741
-10.0174
-13.7875
-11.7875
-6.36247
-7.36252
-9.57124
-9.57121
-0.701981
2.29805
-4.00003
-9
-13.8384
-15.8384
-11.2125
0
0
4.00002
-11
-12
3
3
-8.99998
-13.2848
-5.28479
-1.52588e-05
2.99998
4
5
6.99995
3.99998
-2.29417
-4.8654
-4.50089
0.0703125
10.5087
14.5087
7.99998
1
4.5768
15.5768
14.1442
15.1442
25.4326
7.4326
-7.00002
17
18.727
13.1558
28.4288
30.0018
31.2768
42.275
54.9962
54.9962
42.0134
37.5047
46.573
46.8576
33.2884
26.4288
30
27.6587
23.5163
23.5221
14.5808
2.43261
-5.00001
-11
-25
-38.0134
-33.0721
-30.0739
-40.0855
-46.0116
-39.6567
-39.9451
-49.1576
-45.5884
-32.6585
-25.4306
-25
-23
-18.4933
-19.4933
-24.8384
-24.8326
-13.6355
-13.5768
-21.4326
-16
-6.50873
-4.00578
-11
-12.575
-1.72903
-1.15402
-10.3625
-8.36247
-4.78748
-7.78751
-13.2107
-12.2107
-4.06253
-2.06245
-6.00002
-12
-17.8384
-20.4096
-14.4933
0
0
6.00003
-6
-9.00002
-1.00002
-4.00003
-13
-8.71358
2.28636
1.00002
3.05176e-05
0.999985
0.999985
4.99995
7.00002
0.349136
-3.65094
-3.14418
-0.14418
9.50868
10.5087
2.00002
-2.00002
-0.713623
11.2864
17
14
16.4326
5.43259
1
22.1442
2.0154
-7.27118
27.8576
37.4288
27.7038
23.275
35.5674
38.5674
30.0096
25.4346
29.2884
29.6451
21.0721
17
17
14.4404
27.0817
28.0134
8.08172
0.144203
-4.00001
-10
-24
-34.6471
-18.573
-12.0018
-25.9375
-29.5087
-27.725
-29.2297
-34.1518
-32.9433
-22.9413
-16.1422
-17
-15
-9.63754
-11.6375
-16.1288
-13.6259
-14.6335
-19.5768
-16.1442
-13
-9.79907
-4.5029
-8.99998
-11.15
2.56139
2.92389
-7.36253
-4.57495
-1.99994
-7.00003
-14.4174
-13.4174
-6.35294
-4.35289
-8.5712
-12.5712
-15.6259
-17.6962
-12.4895
0
0
1.52588e-05
-4
-7.99997
-6.00005
-5.00009
-7.99994
-7.57115
4.42874
9.00003
2.00009
-6.00003
-9.00005
-1.00002
7.00002
4.0683
2.06827
4.00005
4.00002
6.50287
2.50291
-4.99998
-6.00005
-1.57121
10.4288
17
12
5.1442
2.1442
8.00003
19.2884
2.72298
-10.1366
19.4288
41
22.425
9.42502
23.8558
23.8558
25.8712
23.8712
16.1442
20.1442
16
11
6.99999
3.575
24.575
26.4326
4.43261
-2
-9
-11
-14
-15
-7.07391
-7.0739
-15.5029
-21.5029
-25.575
-26.0076
-24.4326
-20.0837
-20.3703
-18.2866
-8.99997
-4
-4.21249
-13.2125
-15.7096
-4.70959
-12.4931
-20.5768
-9.00005
-8
-12.0837
-8.99998
-8.00002
-7.57503
-0.93367
-0.933716
-4.00006
0.575043
2.29047
-3.70966
-11.4875
-14.4875
-10.5674
-8.56741
-13.7136
-13.7135
-9.12878
-8.55583
-8.4174
0
0
-4
-4
-7.99994
-8.00006
-4.00012
-3.99994
-6.99994
4.99997
15
4.00008
-11
-13
-3.99998
4.99998
6.99998
7.00003
7.00003
3.99998
1.99998
-2.99995
-9.00002
-8.00006
0.999985
12
15
8
-1
-1
9.00002
16.1442
9.57681
-5.56738
12
36
13
-1.00002
16
16
23.1616
24.1616
12
18
16
10
4
0
15
18.4288
5.42879
-1
-11
-12
-8
-3.99997
-0.861389
-4.86139
-12
-20
-24
-21.1442
-19.1442
-14.2904
-12.5848
-14.2944
-5.99998
2
-1.99998
-16
-18
-2
-8.28639
-16.5768
-7.00002
-8
-13.2904
-13
-9.00002
-6.00003
-2.36246
-1.15001
-0.637527
4.14999
5.8712
-0.12883
-9.70961
-14.7095
-14.4232
-12.4232
-15.2848
-14.2848
-4.77213
-1.70004
-5.34529
0
0
0
0
0
0
0
0
0
0
0
0
0
0
0
0
0
0
0
0
0
0
0
0
0
0
0
0
0
0
0
0
0
0
0
0
0
0
0
0
0
0
0
0
0
0
0
0
0
0
0
0
0
0
0
0
0
0
0
0
0
0
0
0
0
0
0
0
0
0
0
0
0
0
0
0
0
0
0
0
0
0
0
0
0
0
0
0
0
0
0
0
0
0
0
0
