0
0
0
0
0
0
0
0
0
0
0
0
0
0
0
0
0
0
0
0
0
0
0
0
0
0
0
0
0
0
0
0
0
0
0
0
0
0
0
0
0
0
0
0
0
0
0
0
0
0
0
0
0
0
0
0
0
0
0
0
0
0
0
0
0
0
0
0
0
0
0
0
0
0
0
0
0
0
0
0
0
0
0
0
0
0
0
0
0
0
0
0
0
0
0
0
-0.321751
-0.540419
-0.785398
1.4289
0.56673
0.367173
-1.10715
-0.32175
-0.244979
0.244976
0.620249
1.24905
-1.03038
-0.785398
-0.0587558
0
-0
-0.141896
1.5708
0.463646
1.24905
-0.785398
-0.404891
-0.785398
0
0
-0.321751
-0.54042
-0.785398
-0.785398
0.231701
-0.126582
0.785398
-0.785398
1.5708
1.5708
-1.3734
-1.4289
-0.950544
-0.785398
1.24905
0.785398
1.24905
1.10715
1.10715
1.37341
-1.51583
1.51945
1.31712
1.31347
1.48013
-1.10715
-0.909751
-1.00407
-1.0637
-1.57079
-0.54042
-0.785402
-1.5708
0.785398
1.03038
0.982797
-0.321743
0.540428
-0.321751
-0.321753
-0.785398
0.785397
0.868539
-1.50423
-0.785398
1.1659
1.3734
1.57079
1.19029
1.10715
-1.4289
-1.14417
0.965254
0.694737
1.5708
-1.24904
-0.896057
-0.7854
-1.1659
0.785395
1.4289
-1.34399
1.3734
1.20362
1.30455
-1.46014
-1.24905
0
0
-1.57078
-1.03037
-0.982795
1.16591
0.661045
0.463649
1.46014
-0.950547
-0.938046
-0.785397
-0.785398
-1.46014
1.14417
1.20362
0.605546
-0.321744
0.785398
0.950546
-1.5708
-0.982792
-1.03038
0.785398
-0.197394
1.57079
1.16591
1.3734
-1.3734
-1.16591
-1.24905
-1.14417
0.95047
4.7118e-06
-0.785398
0.785398
1.5708
1.5708
1.5708
1.5708
-0.404885
-0.141895
0
0.321751
0.785398
1.10715
1.10715
1.10715
0.646005
0.985854
1.46014
-1.10714
-0.321751
-0.321748
-1.03037
-1.30455
-0.965253
-0.909753
1.10715
0.463649
0.785398
0.785398
0.785398
0
-5.72203e-06
-1.24905
1.03038
-0.785396
-0.950544
0.380505
1.52588e-06
1.10714
0.463648
1.05165
-0.588001
0.141903
0.785398
1.10715
1.3734
1.57079
-0.661045
-0.540419
-1.3734
1.24905
0.244982
0.266255
0.785394
-1.03037
-0.404895
0.785402
1.4289
1.03037
1.24905
-0.785391
-0.785398
0
0
0.321751
-1.57079
-1.16591
1.16591
0.6435
0.463647
0.927295
-1.20362
-0.927294
-0.851965
-1.0122
-1.50423
1.1659
1.13417
1.24905
-0.785402
-0
-0
0.785398
0.463651
0.321754
-0.785398
1.24905
1.24905
1.49402
-1.48014
-1.46014
-1.46014
-1.48014
-1.344
-1.50921
1.19013
0.404641
-0.234024
-1.5708
-1.5708
-1.5708
-1.5708
0.101813
-0.181523
1.5708
0.518965
0.518965
0.830687
1.05449
1.2627
0.218602
-1.10723
1.344
1.2925
1.40565
-1.4289
-0.321748
1.03037
-1.00407
-0.950546
-1.30454
1.24904
0.785398
0.463651
0.785398
0.982797
1.24905
0.321754
0.785398
-0.380502
-0.244976
-0.540417
-0.927293
1.10715
0.482513
0.785398
0.197395
0.540416
-0.785388
0.380511
1.03038
-1.40565
-0.785398
-0.588002
-0.785402
-1.5708
0.24498
0.0906599
0.197394
-1.57079
-0.54042
-0.643501
1.4289
-1.46014
-1.5708
1.46014
1.32582
0
0
-0.1974
0.321751
-1.24905
1.10715
0.463647
0.266252
-0.197396
1.03038
0.380506
-0.0906599
-0.7854
-1.3734
1.10715
0.588001
1.10715
-0.927296
-0.896054
-1.30454
1.344
1.24904
1.44644
-1.50423
1.16591
1.13417
-1.50423
-1.24904
-1.10715
-1.3734
1.5708
-1.3734
-1.19783
-1.34091
1.5708
1.5708
-1.5708
1.21791
1.36181
-1.5708
0.75609
0.497483
-0.620861
0.071073
0.0710689
0.251516
0.518978
0.830681
0.487088
1.09345
1.39612
1.3734
-1.40565
-0.785398
-0.24498
0.141897
-1.3734
-0.785396
-0.7854
-1.10716
0.785398
0.463648
-0.321744
0.197397
1.4289
-0.88507
-1.14417
0.785398
0.244979
0.321744
0.540411
-0.463642
-0.694737
1.27934
0.83798
1.05165
-1.00406
-0.620249
-0.896057
-1.57079
0.426625
0.278298
0.643503
1.3734
-0.982795
-0.876058
-1.00407
-1.24905
0.588007
-1.03038
1.30454
-1.5708
-1.48014
-1.46014
-1.57079
0
0
-0.620252
-0.540421
-0.785398
0
-0.141897
-0.321751
1.4289
1.10715
1.19029
0.321751
-1.4289
-1.48014
-1.57079
1.3734
0.463648
-0.785398
-0.463647
-1.10715
0.785402
0.620247
1.10715
-1.3734
1.03038
0.896056
-1.10715
-0.463648
-1.90735e-06
0.785393
-1.5708
-1.5708
-1.5708
1.5708
-0.785398
-0.321751
0.785398
0.785398
1.1659
1.46014
1.19029
1.24904
-1.1659
-0.785398
-0.540419
-0.321751
-0.463648
-0.463646
0.321753
0.321754
1.24905
0
0.54042
0.32175
0.110656
0
-0.785398
0.32175
0.426628
0.9828
-0.321761
0.620248
-1.24905
-0.69474
-0.380507
-0.982797
-0.785398
1.24905
-0.785408
0.927299
1.03038
-0.896057
-1.4289
1.0637
0.982794
0.785398
-0.785398
-0.87606
-1.18019
-1.39612
1.07685
0.588001
0.566729
1.0637
-1.00407
-0.785397
-0.7854
-1.10716
-1.3734
3.81465e-06
0.321754
0
0.321754
0.785402
1.10715
0
0
-0.507098
-0.404891
-0.321751
-0.785398
-0.54042
-0.463648
0.785398
0.141897
0.785398
1.03038
1.32582
1.5708
-1.32582
-1.344
-1.24905
0.620247
0.896056
1.30455
-1.24905
-0.982794
-1.00407
1.46014
-0.507096
1.52588e-06
-0
0.266252
0.426629
0.95055
1.46014
1.48014
-1.0637
-0.540422
-0
0.1974
0.785398
0.785398
1.0637
1.30454
1.3734
-1.5708
-0.785398
-0.588003
-0.588001
-0.588001
-0.540421
-0.463649
-0.141897
-0.785398
1.49402
1.3734
1.24905
1.14417
0.785398
0
1.03038
0.694738
0.785398
1.3734
-0.278303
0.278299
1.57079
-0.86854
-0.71883
-1.49402
0.868539
1.49402
-1.3734
0.785401
0.321757
0.321749
-0.785398
-0.32175
1.24904
1.5708
-1.24905
0.785383
-1.19029
-1.14417
1.57079
-0.141893
-0.32175
-0.588003
0.588003
0.32175
0.426628
0.950552
1.3734
-0.785398
-1.4289
1.5708
1.10715
0.896057
1.05165
0
0
0.685728
0.885065
1.24905
-1.48014
1.4289
0
1.24905
-1.24905
0.927295
0.54042
-0.785398
-0.463648
-1.03038
-0.620249
0.257313
0.668266
1.07681
1.13409
-0.830682
-0.808571
-1.04268
-1.48241
-0.887567
-1.09073
1.21779
0.830677
-1.09747
-0.857599
-0.0792975
1.2627
-0.337829
-0.204617
0.540421
0.643504
0.909752
0.950546
0.321751
-1.3734
1.24905
1.39613
1.44644
1.30454
1.03038
0
-0.785406
-1.16591
1.1659
1.10715
-0.321751
-0.785398
-1.4289
-1.48014
-1.30454
-1.0637
0.927296
0.463649
-0.141896
1.24905
0.558599
0.2783
1.24905
0.566729
0.367175
0.785398
0.165148
1.03037
-1.3734
1.46014
-0.463651
0.266251
-1.24905
-1.03038
0.982794
1.29249
-1.0839
-1.0839
-1.5708
1.24905
1.03038
-1.03038
-0.896057
-1.46014
1.46014
0.95055
0.0767731
0.507102
-1.32582
-1.32582
-1.5708
-1.5708
-1.10715
-0.674744
-0.674741
0
0
0.685731
0.674739
1.0637
-1.3734
-0.950547
-0
-1.24905
0.244979
0.785398
0.588003
1.49402
-0.868539
-0.982794
0.321751
0.350433
0.453821
0.708893
1.31715
1.57079
1.21791
-0.404629
-0.0710822
-0.518978
-1.48241
-1.31096
0.121908
1.28702
-0.658988
-0.36817
-1.36181
0.429822
0.754258
-0.141898
-0
-0.141896
1.5708
1.24904
1.29249
1.10715
1.32582
1.5708
-1.50423
-1.30455
-1.10715
1.24903
-1.4289
1.4289
-1.10715
-0.463646
1.10715
1.1659
-1.5708
-0.950542
-0.32175
2.54313e-06
3.05177e-06
1.10715
0.909757
0.566731
0
0.785401
0.605545
0.785398
-1.3734
-0.69474
-0.54042
0.321751
-0.785398
-0.110658
-0.0906599
-1.57077
0.463643
-0.785395
-1.0637
0.982794
-0.321751
-1.03038
-0.321748
1.57078
1.16591
-1.57078
0.643501
-1.19029
-0.785398
0.24498
0.463648
-1.4289
1.48014
1.50423
-1.50423
-1.20362
-0.965253
-1.03037
0
0
-0.110658
-0.321751
-0.588003
1.24905
0.141897
-0.141897
0.785398
0.266252
0.785398
-0
-0
-0.165149
-0.785398
0.493941
0.154324
-0.516314
0.785398
1.10715
-1.16591
-1.03038
1.03038
0.785398
1.46014
-1.30454
1.00407
0.321749
-0.197399
0.0996717
-0.197394
1.3734
0.677748
1.43662
-0.592787
-0.767276
-1.24177
1.5708
1.15065
0.405092
-0.819764
-1.121
-0.81976
1.57079
-0.37002
0.141799
0.813078
-1.38378
-0.404624
0.497491
0.748514
-1.00416
-0.960155
1.5708
0.756099
0.241999
-0.278442
0.0237268
-1.05449
-0.92479
-0.90971
-1.12099
0.581255
-0.241997
-0.58804
1.46596
0.1974
-0.266249
-0.950547
1.10715
0.661045
0.463648
0.321751
0.785398
1.5708
1.5708
1.52321
1.52321
1.41419
1.32582
1.49402
1.20362
-1.44644
-0.847817
1.5708
-1.24905
0.540419
0.876057
-1.16591
0.785398
-0
0
0
0
0
0
0
-0.404891
-0.463647
-0.588003
-1.24905
0.197396
-0.197396
0.54042
0.244979
0.785398
0.266252
0.321751
-0.244979
-1.4289
0.69474
0.417081
1.33677
0.620249
0.785398
-1.03038
-1.1659
1.1659
0.620249
0.982794
-1.57079
1.19029
0.321743
1.3734
0.321749
-0.380509
1.10715
1.17003
0.159756
0.518976
-0.405081
-1.36181
-1.00416
-0.708916
-0.909391
1.05448
-1.25828
-0.58494
-0.518971
0.141799
0.338741
0.924786
-1.25827
-1.07681
-1.25602
-1.29778
1.49567
1.31097
-1.5708
-1.19988
-0.897563
1.43438
-0.169871
-0.405089
-1.05449
-0.92479
-1.04268
1.46351
0.813076
-0.490023
1.48633
0.950544
0.197397
-0.785403
0.785402
0.40489
-7.62934e-06
7.62945e-06
-0.785398
-0.982794
-0.141897
0.785398
1.5708
1.5708
-1.5708
-0.785398
0.426628
1.2925
-0.844154
-0.868539
-0.266252
0.09066
-0
0.404893
1.3734
-1.4289
1.32582
0.927295
0.7854
0.785396
0
0
-0.588004
-0.463648
-0.588003
-1.10715
0.785398
0.321751
0.141897
0
0.620249
0.643501
-1.5708
-0.463648
0.982794
0.566729
0.75104
-0.208987
0
0
-0
-0
0
0
0.141896
0.785398
1.3734
0.785398
0.909757
0.785398
0.785398
0.643503
-0.351002
0.398252
1.41635
1.34845
-1.5708
0.707854
0.707862
-1.5708
0.563537
-1.41635
-0.404589
-0.734949
0.528518
0.39115
0.748012
-1.07655
-1.48999
1.5617
-1.28475
-1.50423
1.4289
1.50423
-1.32582
-1.10715
-0.685731
1.57079
-0.566728
7.62934e-06
-1.16591
-1.24905
-1.5708
1.49402
-0.924127
0.308091
1.3734
1.24905
0.785398
-0.321751
-0.785398
-1.4289
-0.463645
1.24904
-0.982792
-0.685728
-1.10715
-1.5708
1.32582
1.24905
-1.0637
-0.197395
0.197396
-0.32175
-0.436627
-0.463649
-0.404893
-1.49402
1.13417
-1.48014
1.46014
1.24905
1.1659
1.07685
1.10715
0
0
-0.588006
-0.463648
-0.588002
-1.10715
-1.5708
1.5708
0.321751
1.24905
0.566729
0.982791
-0.463646
-1.57079
0.6435
0.620247
0.719023
-0.82229
-0.620249
-0.785398
1.03038
1.1659
-1.1659
-0.620249
-0.463648
-0.404888
-1.5708
0.507094
0.694738
1.3734
-0.507099
-0.244978
0.263938
0.303827
1.41635
-1.5708
1.45263
1.16936
1.22865
-1.5708
0.734952
-1.5708
-0.653503
-1.39012
1.04975
0.684385
0.734946
-1.21749
1.18972
1.41041
-0.785396
-0.785394
0.785391
0.785393
-1.03037
-0.7854
-0.352993
-0.463648
0.141898
0.380507
1.32582
-1.48014
-1.5708
-1.5708
-0.772621
-0.673235
-1.4289
-1.10715
7.62945e-06
-1.24905
-1.10715
1.5708
-0.165145
0.110659
-0.197393
-0.266249
-0.540421
-0.785398
-0.785398
-0.785403
0.321751
-0.291458
-0.7854
0.694738
0.321751
-0.463649
-0.524796
1.40565
1.19029
-0.785398
1.03037
0.7854
0.927298
0.927293
0.927296
0
0
-0.540418
-0.620247
-0.785398
-0.785398
0
0.785398
0.785398
0.643501
0.69474
-1.4289
-0.24498
0.321751
0.266251
0.785398
0.295522
1.31928
-0.785398
-1.10715
1.10715
1.10715
-1.10715
-0.785398
-0.909754
-0.896056
-1.32582
0.493941
0.558599
-1.48014
-0.519145
-0.785398
0.591395
0.236947
0.463646
1.24905
1.24905
1.24904
1.57079
-1.24905
1.57078
-1.10715
1.10715
1.35674
1.40565
1.344
1.10715
1.03037
1.1066
-0.785398
0.0719788
0.221564
-1.29818
-0.852557
1.29818
0.143229
-0.404586
-1.11895
0.909583
0.851729
1.30762
-1.04203
-1.5708
1.15154
-0.767593
-1.01653
-1.24904
-0.785398
-0.321752
0
0.321748
1.10715
0.26625
-0.404892
0.404888
-0.24498
-0.404892
3.81471e-06
1.10715
1.46014
-1.24904
-0.110659
-1.00407
0.950547
1.48014
0.785398
0.110657
1.37339
-1.32582
0.785398
-0.540414
-0.110657
0.141898
0.321751
0
0
0
-0.321751
-0.540418
-0.588004
-0.404892
-0.141897
0
0.321751
0.2783
0.493943
-0.785401
-0.16515
-0
-0
0.785398
4.85576e-06
0.601515
-0.785398
-1.10715
1.10715
1.10715
-1.10715
-0.785398
-1.0637
-0.896054
-0.927294
0.404891
0.321751
-0.979783
-0.296037
-1.26363
0.950945
0.222347
-0.244979
0.404887
0.982795
1.57079
3.81474e-06
0.785398
0.979025
-0.491696
0.336759
0.938852
-1.4228
-0.838519
-1.33286
0.569594
1.27272
-0.692786
-0.516779
-0.516781
-1.5708
0.849244
-1.5708
-1.29942
-1.13353
-1.57079
1.22484
1.35406
-0.935289
0.0958442
1.29818
-1.10715
0.700962
-1.53645
-0.990018
-0.644985
-0.680459
-1.5708
0.987649
0.990014
0.990016
1.19988
-1.19988
-1.08085
-1.00407
-0.896057
-0.620249
0
-0.54042
-0.785398
1.4289
0.862171
-1.2925
-1.5708
0.463647
1.08389
-1.3734
-1.40565
-0.620248
-0.380507
-0.463648
-0.785398
-1.4289
0
0
1.24905
0.321751
-0.197393
-0.588001
-0.927292
-1.30454
1.46014
0.0906584
-0.367175
0.463654
-0.661043
1.24905
0.7854
-0.785408
0.236877
0.107291
-0.141898
-0.463648
-0.168249
-0.960104
0.995385
-0.266766
1.46324
-1.21733
-0.893214
0.606115
0.209086
1.50223
-1.07715
-1.56398
-1.12824
0.247111
-0.184284
0.0576187
-0.870617
1.03058
0.929257
0.170817
-1.38012
0.713282
0.348968
0.0267576
-1.02481
-0.498332
-0.831833
0.0291984
-0.729582
-0.868634
-1.53978
-1.21731
-1.29297
1.21685
1.39475
-1.35355
-1.14623
0.9797
0.632118
-1.4655
-1.04278
-1.11515
-1.30837
-1.50702
0.528866
0.986545
-0.703099
-0.527804
-0.620267
1.39045
1.0372
1.10703
1.42883
-1.24869
-1.5708
-1.00414
-0.813081
-0.680457
-0.738528
-0.901543
1.48409
0.702205
0.799437
0.805334
0.355714
-1.07695
0.0558052
-0.169863
0.766233
0.828254
0.965252
0.982791
0.950547
0.785406
0.785398
0
0
1.5708
1.24905
1.52588e-05
-1.10715
-1.32582
-1.48014
-1.19029
1.10714
-0.197399
-3.81468e-06
1.46014
1.344
1.46014
-1.16591
0.757712
-0.436711
0.785398
0.785398
1.23084
-1.55443
-1.35946
-0.793883
0.436038
-0.817059
-0.37442
0.807185
0.294908
0.819048
-1.31006
-1.34616
-0.428473
-0.31338
0.1084
0.115736
0.937887
1.41257
1.46161
-1.46389
1.52048
1.22953
0.809545
-0.37686
0.0692676
-1.05766
-1.05922
-1.51703
-1.19487
0.370576
0.732499
-1.2991
-1.08114
1.42126
1.23602
-0.61501
-0.326629
0.837205
0.286478
1.05993
-0.722986
-0.889327
-1.13055
-1.28552
0.499853
-0.424042
0.293979
0.0358688
-0.384521
1.03246
0.963863
-1.46664
0.0619845
1.13452
1.5708
1.40908
1.12879
0.785766
0.0371133
-0.229896
-0.132481
0.0817137
0.261659
-0.047427
0.420924
-0.241998
0.0949155
-1.21791
0.714155
0.77052
0.674744
0.927295
1.5708
-0.785391
-0
0
0
0
0
0
0
0
0
-0.463649
-1.3734
0.620247
0.463647
0.54042
0.785398
-1.5708
-1.4289
-0.982681
0.961944
1.18014
1.05449
1.0784
1.07683
0.754932
0.760689
-0.396948
1.00299
0.216637
0.87873
0.358531
-0.145658
1.01147
0.844767
-0.166208
-1.27617
1.13597
0.794184
0.582064
0.934516
1.37439
-1.19181
-1.51383
-1.52173
-0.756547
0.00976529
-0.314037
1.19489
0.62565
1.06716
1.40722
-1.42013
-1.28326
-1.52004
1.42798
1.53782
1.55577
1.33531
1.52254
0.849601
1.18379
1.49487
-1.27481
-1.16745
-0.871095
-0.836803
0.335288
-0.447072
0.0215523
-0.242613
-1.21768
0.931381
1.00944
-0.0121619
0.506986
1.23961
1.5708
1.27681
1.24131
1.50882
0.938133
0.608857
0.348833
-0.339336
-0.156603
-0.110656
-0.493941
0.558597
0.414506
-1.50423
-0.907463
-0.937204
-0.876058
-1.10715
1.48014
1.19029
1.46014
0
0
1.5708
1.5708
1.5708
1.5708
1.5708
1.5708
1.5708
0.785398
0.197391
-0.141896
-0.463648
-0.321751
0.321751
1.24905
-0.150389
0.424499
1.33392
1.57079
-0.785398
0.28585
0.574895
0.760689
-1.11769
-1.39349
1.28298
1.31328
0.783747
-1.3071
1.30799
1.0307
-0.978596
0.851938
-1.48115
1.17762
-0.0235908
-0.398642
1.53289
0.9596
-1.53434
1.49325
1.01094
1.41845
1.55957
1.4583
1.37309
1.41497
1.55149
-1.54833
1.56578
-1.53257
-1.50374
-1.52267
-1.51571
-1.45781
-1.35406
-1.28165
-1.21648
-0.986001
0.283324
-1.38454
-1.16623
-1.23759
1.42352
1.40419
-0.822788
-0.476727
-1.43087
0.410821
1.22772
0.180332
0.287744
1.34177
0.785398
0.463645
0.391381
-0
-0.785398
-1.47115
-0.935156
0.785398
0.110657
-0.463649
-0.643497
0.436623
0.197394
1.03037
-0.484948
-0.577225
-0.674741
-1.0637
-1.5708
1.24904
-1.4289
0
0
1.5708
1.5708
1.5708
1.5708
1.5708
1.5708
-1.00415
-0.735603
-0.405078
-0.497488
-0.748506
-0.748502
-0.748498
-0.735598
0.110714
0.0315848
0
-0
0.187015
0.390653
0.501029
0.672405
1.45617
1.17827
1.1845
-0.99992
0.195584
1.36335
-0.728447
-1.20657
0.23449
-1.18559
-0.723731
1.0772
-1.07492
1.5249
1.24906
1.18976
1.40269
1.3984
1.30736
1.38992
1.46705
1.45011
1.41404
1.44024
-1.55391
-1.54456
1.51573
-1.55198
-1.49601
-1.50378
-1.48855
-1.44822
-1.38387
-1.36305
-1.35816
-1.30022
-1.31061
-1.32584
-1.28169
-0.714982
1.29764
-1.27691
-0.189879
-0.103359
0.2532
-0.723532
-0.89715
-0.394136
-0.849711
1.53405
-1.38348
-1.31016
-1.45825
1.53895
-1.53193
1.37997
-1.24905
1.41726
0.605546
-1.03038
-0.587994
0.0906554
-0.352989
-1.24904
0.769821
0.37092
0.110657
0
0.785398
0.785398
-0.321751
0
0
-1.5708
-1.5708
-1.5708
-1.5708
-1.5708
-1.5708
0.404638
-0.234021
-0.735603
-0.748506
-0.748506
-0.748503
-0.49748
-0.405073
-0.0817179
-0.479529
-1.32582
1.4289
0.762223
0.626798
0.643725
0.647946
1.19372
-0.471237
-0.664472
0.370438
0.252297
0.768007
0.917905
1.47707
-1.07396
1.56207
0.770004
0.838809
1.03003
1.18117
1.24958
1.32414
1.35261
1.35392
1.35787
1.39437
1.46195
1.4497
1.39958
1.4021
-1.49986
-1.52156
1.43556
1.56898
-1.47541
-1.48561
-1.47729
-1.44996
-1.36074
-1.35961
-1.39328
-1.34965
-1.33123
-1.27332
-1.16609
-1.0367
-1.1535
-1.44398
-1.56252
-1.02778
-1.23477
1.53039
1.18488
-1.18728
-1.20028
-1.4813
-1.37645
-1.29878
-1.2996
-1.49008
-1.51962
1.32489
-1.33246
1.53432
0.927296
-0.321751
0.141893
-1.1659
-1.08389
-1.33705
1.37992
1.06003
1.00407
1.32581
-0.785398
-0.321751
0
0
0
-1.5708
-1.5708
-1.5708
-1.5708
-1.5708
-1.5708
1.4289
1.3734
1.24905
0.321751
-0.321757
-0.463648
-0.141897
0.197391
-1.11753
-1.11697
-1.3487
-1.48241
1.10018
0.560773
0.142073
0.0435557
0.304146
-1.262
-0.681852
0.193299
-0.638685
0.726499
0.696544
-0.779311
0.437557
1.09678
1.18713
1.10461
1.12532
1.18302
1.23716
1.3134
1.37384
1.3597
1.3086
1.39624
-1.53668
-1.52222
0.0730135
-1.44662
1.33
1.5433
-1.04941
-1.31975
1.40767
1.0857
-1.51951
-1.53078
-1.30151
-1.34307
-1.38664
-1.33842
-1.28997
-1.19644
-1.11416
-1.14236
-1.25591
-1.27335
-1.14264
-0.955896
0.958057
-1.50971
1.56916
-1.32363
-1.10766
-1.19636
-0.918487
-0.325294
0.233381
1.01316
-1.47151
-1.00536
-1.30149
0.985349
1.3734
0.785398
0.643499
1.0637
-1.50423
-1.18019
-1.44889
1.12292
1.10715
-1.10716
1.90734e-06
0.540414
-0.785394
0
0
-1.5708
-1.5708
-1.5708
-1.5708
-1.5708
-1.5708
-1.5708
-1.5708
-1.4289
-1.57079
0.785398
0.54042
0.463646
0.620247
1.26038
-1.42518
-1.25602
-1.31096
-1.55331
1.12202
0.405079
0.189316
-0.205252
1.25144
0.532388
-0.965812
-1.39106
0.608097
-0.0525142
0.753367
0.881935
1.13672
1.19788
1.1346
1.16126
1.21759
1.22919
1.1416
1.4375
1.305
-1.19519
1.40823
1.20777
1.29649
1.34999
1.38688
1.46372
-1.5054
-1.35113
-1.33454
-1.4744
1.54049
-1.45982
-1.30501
-1.29137
-1.4835
1.23259
-0.922506
-1.19145
-1.1383
-1.1363
-1.24427
-1.28037
-1.22333
-1.1132
-0.975807
-0.942531
-0.936466
-0.0816053
-1.29959
-0.911116
-0.363056
0.249161
0.438424
0.698148
1.16323
-1.52916
-1.28556
-1.38751
1.41552
1.24904
1.14417
0.909754
0.785398
1.32582
-0.661043
-1.01638
0.989543
-1.57079
0.1974
0.266255
0.620248
-1.1659
0
0
1.24905
-1.24905
-0.785398
0.785398
1.10715
1.32582
1.48014
-1.5708
-1.49402
-1.50423
1.44644
1.24904
1.14417
0.785398
-0.0775528
-1.03232
-1.1794
-1.13385
-1.50857
-1.27949
0.0024383
-1.21307
1.22082
0.289477
0.770462
-1.24619
-0.996012
-1.10829
0.926157
0.96556
0.942634
1.06
1.17852
1.12106
1.1409
1.24049
1.15404
1.38329
1.36601
1.43779
-1.51043
1.39011
1.20889
1.29298
1.24758
1.33453
1.45757
-1.46727
-1.1388
-0.868825
-0.566086
0.383477
1.24395
-0.997488
-1.08855
-1.43039
-1.48284
-1.31857
-1.2873
-1.49286
-1.20705
-1.24791
-1.26109
-1.18578
-1.06204
-1.02997
-1.09143
-1.10729
-1.05481
-1.09259
1.13998
-0.136999
-0.623863
-0.646516
-0.615955
-0.385829
0.785379
-0.549712
-1.04595
0.973544
0.785394
0.785393
-3.81471e-06
-0.588005
-1.57079
0.785398
1.35959
-0.516301
1.24905
-1.24905
-1.10715
-1.24904
-1.46014
0
0
-1.03038
1.03038
1.1659
-1.32581
-0.950544
-0.588006
0.197393
1.24905
1.3734
1.4289
1.50423
1.40565
-1.4289
-0.64216
1.3948
-1.04819
-0.961405
0.23915
0.949971
-1.2288
-0.514262
0.314409
0.207278
0.29096
0.0699232
0.46612
0.699043
1.07142
1.00368
1.02724
1.0318
1.04251
1.06621
0.249476
1.3036
1.33466
1.35984
1.25787
1.18587
1.34905
-1.42814
-1.55805
1.01917
1.25353
1.07327
1.27942
1.48198
-1.48897
-1.17478
-0.6902
-0.558404
0.953269
1.24512
-1.16457
-0.808526
-1.2646
1.49394
-1.24088
-1.40708
-1.3383
-1.26398
1.50257
-1.35007
-1.2766
-1.04287
-1.11743
-1.1333
-1.06344
-0.988634
-1.06409
-1.17257
-0.878828
-1.41361
-1.02902
-0.777921
-0.725489
-1.34081
1.21198
1.55635
-1.19903
-1.10715
-1.1659
-1.24905
-1.32582
1.3734
0.785398
-1.16616
-0.107289
0.463649
1.24905
-1.51821
-1.30454
-1.0637
0
0
-0
0
0.197393
-1.57079
-0.950549
-0.785402
-0.661042
-0.785392
-0.785394
-0.785398
1.5708
1.5708
0.785398
0.751779
-0.0840439
1.41598
0.829211
-0.504519
0.248962
-1.37729
-0.748059
-1.21202
1.01832
0.480742
-1.49521
0.926931
0.899913
0.997647
1.00768
0.996578
1.07738
1.17259
1.33171
1.18695
1.09086
1.19914
1.55281
-1.51509
1.09063
0.810501
-1.41675
-1.46471
1.09881
1.53311
-1.46756
-0.149198
0.0325463
1.53613
-1.17581
-0.890323
-0.958563
0.693761
0.855493
-0.81379
-1.01817
1.52022
-1.47478
-1.04445
-1.17698
1.23239
-1.40848
-1.45931
-1.16885
-1.10006
1.45464
-1.07407
-1.03436
-0.948489
-0.906032
-0.915392
-0.878489
-0.757843
-0.58255
-0.810356
-0.326087
-0.352357
1.43487
1.23193
-1.43663
-1.21099
-1.14417
-0.927293
-0.785398
-0.785398
-0.785398
-1.10715
1.07908
0.771358
0.685729
0.785398
1.5708
-0.141897
-0
0
0
1.24905
-1.24905
-1.00407
-1.10715
1.03038
0.404893
3.81465e-06
-0.540409
-0.785398
-0.785402
1.5708
1.5708
0.785402
0.718243
-0.209133
0.565162
0.321746
-0.0943159
-0.0130158
1.35785
-0.258611
-1.43742
1.23522
0.989401
0.849618
0.835868
0.885479
0.959885
0.999351
0.815489
1.11703
1.04061
1.23501
0.985384
0.265609
0.549497
1.19956
1.52396
1.45823
1.32481
-1.37023
-1.48126
0.820471
-1.14417
0.0896473
1.35447
-1.31677
-1.25745
-1.03097
-0.494015
-0.512994
-1.0028
-1.31843
1.30312
-1.21473
0.748298
-0.7048
-0.32049
-1.11688
0.855974
1.31209
-1.20258
-1.05027
-1.31332
-1.32897
-1.25085
1.52647
-0.787073
-0.858234
-0.885793
-0.913647
-0.914554
-0.82935
-0.839221
-0.0790539
-0.245451
0.649084
0.771521
-1.30372
-0.867906
-0.927297
-0.785398
-0.785398
-1.03038
-1.5708
-1.5708
4.45089e-06
0.510517
0.896055
0.982794
-0.785398
-0.244979
-0.226798
0
0
1.07656
-1.22865
-0.866902
-0.877413
1.41635
0.707855
0.0844412
-0.143218
-0.143226
-0.143226
1.5708
1.5708
0.143226
0.0972949
-0.161567
0.851807
0.0286574
0.258644
0.197617
0.989867
0.253803
1.06211
-0.491602
0.638062
0.828561
0.883009
0.916878
0.979069
1.43448
1.01523
1.04749
1.12063
1.49611
1.34087
1.21881
1.15888
1.22245
1.51499
1.37093
1.57031
0.749789
1.2259
-1.3078
1.34871
0.814801
5.72204e-07
1.05843
-1.14287
-0.916474
-1.24737
0.187495
-0.319923
0.651149
-1.41551
-1.24179
-1.44051
1.46544
1.09646
1.04465
0.904376
1.34524
-0.796002
-1.05109
1.3537
-1.4037
-1.0534
-1.00166
-1.153
-0.754912
-0.96291
-0.967021
-0.938748
-0.895482
-0.813897
-1.40355
-0.701558
1.20396
0.642334
-0.53071
0.00981073
-7.62945e-06
-0.404895
-0.620249
-1.32582
1.48014
1.49403
-0.635055
-0.375656
-1.10715
-1.48014
1.24905
0.982794
0.785397
0
0
-0.98749
-1.57079
0.221562
0.071975
1.0056
-1.29818
-0.620963
-0.305494
-0.143226
-0.143226
1.5708
1.5708
0.143226
0.104019
-0.721004
1.19217
-0.593004
0.240924
1.10376
-0.699302
0.340884
1.27701
0.780677
0.723191
0.730601
0.779404
0.789431
1.21531
0.984707
0.923076
0.957551
1.33059
1.52178
1.23601
1.06082
0.404895
1.29506
1.37912
1.4674
1.37235
1.15382
1.26814
1.43824
1.34871
-0.463647
-1.50423
-0.626502
0.0344372
-0.26329
-0.706341
1.311
0.384107
-0.540356
1.19679
-1.28096
-0.895867
0.644045
0.636302
-0.304685
-1.08098
-1.34062
1.02126
1.40898
1.30342
-1.05576
-0.482398
-0.923177
-1.08794
-1.00608
-1.17966
-0.865792
-0.876866
-0.861133
-0.78233
-0.80219
-0.29311
1.39498
1.20699
-0.0568178
0.142874
0.999375
-7.62934e-06
-0.785398
1.32582
1.24905
1.3734
-0.835386
-0.873035
-1.53378
-1.5708
1.4289
1.2925
1.18392
0
0
-0.896054
-0.982788
0.540414
0.141895
0
0
0.141895
0.404885
0.785398
0.785402
-1.5708
-1.5708
-0.785402
-0.821436
1.45679
-0.658317
0.295264
-0.0207387
1.02748
-1.49583
1.4999
0.940793
0.899208
0.840516
0.68311
0.226924
1.24785
1.1952
1.24793
0.997135
0.786686
1.18076
-1.51217
-1.26787
1.0364
1.17735
1.33798
-1.29589
1.24259
-0.774895
-0.489821
-1.40776
-1.19235
-1.35641
0.318574
1.19184
0.334305
-0.634808
0.368493
1.15442
1.31791
-1.22747
1.3335
0.612547
-1.05554
-1.44881
1.32181
1.52323
0.237491
1.5233
-0.682333
-0.0503373
0.450431
0.774305
-0.329727
-0.457015
1.48893
-1.3262
-0.811251
-0.87219
0.602863
-0.788101
-0.776237
-0.759469
-0.763695
-0.752792
-0.908734
1.36478
0.145635
-0.255381
-1.31797
-1.24904
-1.4289
1.16591
0.785395
0.785394
-0.661085
-0.916001
-1.51821
-1.51204
1.32582
1.10715
1.05165
0
0
0.0906584
0.463642
-1.19052
-1.07697
-1.46848
-1.5708
1.03038
0.785396
0.785394
0.785398
-1.5708
-1.5708
-0.785398
-0.822778
1.04022
-1.45355
1.39356
-0.668621
1.03157
1.49462
0.893373
0.720611
0.758633
0.890733
1.04359
0.920965
0.935951
1.39351
-0.665327
-0.409798
-0.585
-0.957203
-1.25172
0.0725491
0.0996687
0.218669
-0.321752
-0.0767721
-0.991585
0.730204
0.273913
0.112362
1.04811
-0.429073
-1.21773
1.27443
0.437734
0.907404
0.368077
0.114878
0.63838
-0.247211
-0.0524508
1.37059
1.40229
-1.05656
-1.12045
0.969691
-0.114995
1.32149
0.804383
0.831794
1.34653
-1.48766
1.5568
-0.171131
0.956347
1.42823
-0.798623
-0.74306
-0.878499
1.25254
-0.687838
-0.714703
-0.675665
-0.683341
-0.832908
-1.15719
1.11714
-0.964576
-1.24333
-1.11451
-1.3734
-1.5708
-1.4513
-1.29896
1.07493
0.692672
1.10715
1.03038
-1.16591
-0.909753
-1.14417
0
0
-0.502329
-0.753095
-1.39865
0.662195
1.17596
1.31103
1.18617
1.1893
0.785398
0.427535
-1.5708
-1.24905
-0.24365
-0.562749
-0.771563
-0.506159
1.32887
-0.960141
-0.813744
0.173545
0.555698
0.644176
0.663134
0.806517
-0.0201146
0.186583
-0.290957
1.09529
0.768939
-0.221233
1.36014
1.51063
-1.16977
-1.16273
-0.657054
-0.828638
-1.54723
0.703702
0.96638
0.966939
0.197396
0.932477
1.15747
-0.846546
-0.223476
-0.92066
0.914598
1.22433
1.05019
-0.0380171
-0.461784
0.26386
0.463517
-0.208472
0.0812138
-0.261291
-0.924229
1.48112
-1.51772
0.695842
0.0350514
1.07833
0.719367
-1.16149
-0.204642
0.655695
0.637645
1.13291
-0.623844
-0.517252
-0.765226
-0.918208
0.682451
-0.610752
-0.638147
-0.685819
-0.851853
-0.910129
-0.683256
1.10024
-0.318002
-0.785398
-0.293047
0.79653
1.22225
-1.40541
1.5503
0.539056
-1.41407
-1.05449
-1.51866
-0.390999
-1.02117
0
0
-1.26259
-1.19442
-1.18438
-1.1262
-0.728866
-0.130192
0.547655
1.34012
1.14326
0.785398
-1.5708
-0.785398
-0.688275
-1.07576
0.0657461
-0.278991
0.130929
-0.925352
-0.621227
0.474328
0.545459
0.59284
0.598133
1.07954
0.720294
0.369956
-0.860991
0.988036
1.24215
0.931929
-0.544803
-0.0936191
-0.654066
-0.680508
-1.42398
-0.472593
-1.53927
-1.4658
-0.727364
0.189463
1.40942
-0.847817
-0.263564
-1.05635
-0.811708
-1.39839
0.545085
1.12849
-0.352242
0.0386995
-1.43436
0.458847
0.130122
0.10401
-0.774859
0.680443
1.52553
-0.574193
0.221005
-0.060546
1.42793
1.31041
-0.612364
1.03419
0.701772
-0.278299
-1.04058
-1.31019
0.941362
-0.188435
-1.02411
-0.958219
-0.806814
-0.901014
-0.73549
-0.728384
-0.819467
-0.726983
-0.57318
-0.997406
0.385328
-0.975617
-0.303888
-0.294147
-1.22391
1.39542
1.18371
1.26865
1.40824
-1.3565
-1.18656
-1.38759
1.32065
0
0
-1.32407
0.541983
-0.0875628
-0.0666913
0.0198093
0.0388351
0.197133
0.946421
1.42758
1.42758
-1.4495
-1.27447
1.45607
-1.41965
-1.34173
1.14441
-1.09117
1.56605
0.762981
0.646891
0.634598
0.60332
1.4656
0.69149
0.785336
1.04562
-1.53514
1.36219
1.03263
1.03796
-0.818775
-1.18665
-1.5046
0.620251
-1.49531
-1.24323
-1.13194
1.07145
0.657888
-0.0499588
-0.404892
-0.339292
-0.232814
0.429762
-1.133
-1.19781
1.42353
1.31448
0.750016
-0.0915067
1.08191
1.04835
0.620285
1.20825
0.0710834
0.24793
-0.884891
-0.0598823
-0.240231
1.17323
0.48516
-0.00839034
0.792894
0.838408
0.094075
0.772116
1.25518
-1.47363
-1.3984
-1.12634
-1.32473
-0.875244
-0.883531
-0.862554
-0.825588
-0.734399
-0.731859
-0.63938
-0.579252
-0.589353
0.123455
-0.522793
-0.269816
-1.52637
1.42173
-1.0773
-0.186483
-0.758809
-1.15049
1.06887
0.787612
0.788723
1.25332
0
0
-1.22639
-1.42686
0.148157
-0
-0
-0
0.131089
0.6246
1.42759
1.42758
-1.22022
-1.31923
1.15755
-1.52046
0.750778
0.173821
0.868514
1.27053
0.743176
0.594405
0.633203
1.11473
0.602872
0.674225
0.682822
1.30749
-0.923663
0.731506
-0.126587
0.571179
0.128534
1.5465
0.0841887
-0.276909
-0.785398
0.0475829
-0.655695
0.643501
1.46911
-1.48589
-1.24905
-1.35786
-0.308931
-0.997356
-1.53308
1.10715
0.79097
0.916308
1.25578
0.617629
0.65811
-0.990018
-0.175782
1.39604
-0.588003
-0.119429
-0.715925
0.126863
-0.184751
1.57072
-0.050299
0.0592493
0.238599
0.421026
-1.21101
-1.02696
-1.03376
-1.44145
0.984371
0.415242
-0.0704686
-1.49613
-1.22694
-1.02595
-0.631136
-0.799319
-0.619362
-0.584283
-0.586143
-0.683796
-0.746334
1.52201
-0.057421
0.272784
0.542565
0.121923
0.686405
-0.58859
-1.25066
0.998499
1.054
1.054
1.15008
0
0
0
-1.16066
0.337457
0.215807
0.34215
0.43695
0.228886
0.453097
1.42759
1.42759
-1.16082
-1.56537
1.17671
-1.53887
0.418422
0.0494492
0.316249
0.728015
0.677488
0.582245
0.487613
0.559518
0.758392
0.932626
0.813196
-1.27741
0.0362481
1.05102
-1.25452
-1.2709
0.933835
-1.56674
-0.558193
-0.999598
-1.53447
1.40028
-1.43343
1.39321
0.794008
1.46242
-0.663398
-0.495637
-0.230582
-1.40728
-1.48807
1.47577
1.24343
-1.49691
1.26225
1.13452
0.830821
-0.785399
-0.489164
-1.00935
0.909585
-0.0103001
0.785411
-0.0317486
0.0949513
0.785398
-0.478414
0.120228
-0.0025683
-0.270142
0.968263
-0.657779
1.19988
-1.56878
1.22203
-1.46015
0.985266
1.03169
-1.02783
-0.39645
-0.300596
-0.684603
-0.31271
-0.470315
-0.559118
-0.705552
-0.660979
-0.492066
-0.20974
-1.16788
-1.30617
0.478445
0.730499
-0.29005
-1.51996
1.05935
1.054
1.054
1.25044
0
0
0
0.568527
0.42099
0.413201
0.39383
0.600177
0.415948
0.50937
1.42759
1.45907
-1.30472
1.44591
1.24171
-1.44449
-1.32712
-0.127323
0.240626
0.472828
0.575234
0.621846
0.686604
0.656349
0.524371
-0.52292
-1.0114
1.2105
0.661168
0.52906
-0.123587
-0.377917
-1.43363
1.33816
1.05227
1.05879
-0.975202
1.15836
0.737273
1.15836
-1.11083
-1.49004
0.976435
0.37427
-1.08512
-1.35945
-1.49647
-1.50958
1.38008
1.1851
1.33233
1.26544
1.30209
-1.2925
-0.722687
-0.853894
-1.37059
0.376016
0.514197
-0.562915
0.367174
0.463647
-0.547258
0.995288
-0.165572
0.150766
-0.052256
-0.383617
-0.799672
-1.24626
-0.743987
-0.507203
0.157638
-0.648586
0.591509
0.00439062
-0.329981
-0.71828
0.403493
-0.465033
-0.536743
-0.626559
-0.50932
-0.422771
0.4275
0.64697
1.54063
0.599804
-0.646193
0.0340633
-1.5577
1.13936
1.054
1.05401
1.22896
0
0
-1.22949
1.17225
0.240846
0.185454
0.087254
0.110336
0.287074
0.545347
1.53648
-1.47824
-1.48938
1.2764
1.39821
-1.4936
0.436481
0.728174
0.541269
0.467255
0.480118
0.795357
0.524239
0.720907
1.53959
-1.47863
-1.37096
1.43231
-0.94143
1.53261
1.40733
1.49631
1.15486
0.614509
1.21266
1.38545
1.15629
1.344
-1.48765
0.0906602
-0.785399
-1.18019
0.600049
-0.0906596
1.24904
-0.785398
1.20362
1.34156
1.36623
1.39335
1.4975
1.26225
1.28382
-0.980771
-0.339308
-0.108034
0.218861
0.196936
0.50176
-1.19604
0.703577
-0.067707
-0.442176
-0.563413
-0.352368
-1.30284
-0.34839
0.874
1.18162
-0.489117
-1.27705
-0.974111
-1.3394
-1.14146
0.39449
-1.14354
-0.939304
-0.865678
-0.738493
-0.297099
-0.454209
-0.4971
-0.464735
-0.555483
-1.44871
0.873497
1.4304
-1.26535
0.879661
1.21567
1.31725
1.16732
1.08784
1.07414
1.22896
0
0
-1.15056
-1.24864
0.135711
-0.0316001
-0.0198075
-0
0.0906018
0.379995
-1.39705
-1.19171
-1.53611
0.967279
1.27661
1.5476
0.363221
0.634253
0.589381
0.496305
0.48722
0.472782
0.538749
0.877098
-1.36814
-1.27229
-1.53597
1.20075
1.21227
-1.5482
0.682623
1.32582
-1.37172
1.53367
1.14818
1.3633
0.785398
1.344
0.674742
0.367174
-1.03038
0.358771
-1.46014
1.0637
1.4486
1.48989
1.20089
1.29985
1.50351
1.49517
-1.49051
0.116593
1.41478
1.10434
0.686951
0.602764
-1.49154
-0.134747
0.308381
1.5708
-0.404685
-0.45364
-0.300292
-0.399929
0.307928
-0.00318361
1.02131
0.0604962
0.0329166
-0.553488
-1.2132
0.670325
1.27569
1.32501
0.931476
-1.39352
-0.805089
-0.994381
-1.03145
-1.04679
-0.272938
-0.350675
-0.425962
-0.563578
-1.07282
1.3635
-1.42855
-0.601022
-0.521339
0.710877
1.1275
1.28788
0.817353
0.785398
1.22896
0
0
-1.14449
-1.42055
0.898075
0.373964
-0.521724
-0.895153
-0.771257
-0.882751
-1.3693
1.1979
1.22306
-1.24739
-0.97137
0.974145
0.439099
0.425947
0.487423
0.460112
1.32544
0.504644
0.561356
0.912757
1.52795
-0.997224
-1.4961
0.842626
-1.19752
0.913744
0.612993
0.884563
-1.10954
-1.03778
0.535358
1.46248
-0.802408
0.0242064
1.47505
-1.07257
1.16639
1.17881
1.40639
1.2534
1.48536
1.4381
1.05654
1.27102
0.672216
1.22258
1.33496
1.20627
1.30897
1.44746
1.4215
-1.5449
-1.50125
0.875171
0.249588
1.21203
-0.473356
0.636508
0.367174
-0.41241
1.54352
0.534502
-0.675828
1.37703
-0.824098
0.0995598
1.31845
0.685529
0.939582
0.718407
-0.825727
1.26495
0.795494
1.39706
-0.840737
-0.289584
-0.506633
-0.473088
-0.619414
-0.617753
-0.774081
-1.08375
-0.505046
-0.242104
-0.985293
-1.56983
1.47906
0.64219
0.785398
-1.12254
1.23086
0
0
0.57419
1.095
1.03277
1.06932
1.31603
-1.25942
-1.01792
-0.900541
-0.951677
1.13364
0.765202
-0.924413
-0.72002
0.576871
0.457236
0.320596
0.309586
0.1758
0.727982
0.606651
0.670916
1.21477
-0.917262
-1.37317
1.41683
-0.796834
0.488292
0.933585
0.423344
0.109784
-0.419185
-0.304202
-0.521122
-1.5708
0.924116
0.945542
1.26563
1.42834
1.41561
1.48946
-1.5708
1.12309
1.12333
1.38898
-1.51659
1.46069
1.08153
1.04799
1.22341
1.20184
1.00407
0.920926
0.789806
1.06297
-1.40407
1.12785
0.785398
1.50114
-0.811708
1.5708
-0.367174
0.463647
0.814228
-0.361721
0.427864
-0.967671
0.509004
-0.0896407
-0.147211
-1.00362
1.34145
1.37671
-1.4016
1.43413
-1.04332
-0.0927176
-0.0695461
0.013123
-1.08308
-0.541427
-0.58212
-0.522638
-0.513281
-0.40903
0.0793054
0.181237
-0.230751
0.273109
1.40698
-0.0325227
0.867734
-0.905639
-0.126892
0
0
-0
0.197391
0.613818
-1.04461
-0.892964
-1.43326
0.411977
0.104042
-0.222538
0.819182
0.158323
0.0500557
-0.916331
0.389029
0.418208
0.341044
0.228688
1.12457
0.498929
0.548138
0.706271
-1.09042
-0.494772
-0.72247
-1.29068
0.407238
-0.0854911
-0.33583
-1.38178
-1.46278
1.42688
1.36384
-1.3597
-1.3633
0.714091
0.519146
0.752623
1.0983
-0.141896
0.809784
1.10715
1.3078
1.232
1.27452
-1.54699
1.5708
0.809835
0.549449
-0.321751
1.10715
1.2315
1.299
1.07033
1.306
-1.5708
0.574304
0.398522
0.266252
0.393058
0.942001
-1.28475
0.785401
-1.53921
0.332026
0.46479
0.880341
1.45262
0.562288
0.254487
0.288682
0.590147
1.22785
-0.3906
0.769823
-0.238076
-0.612693
0.626585
0.257533
-0.887316
-0.193451
-0.372655
-0.470326
-0.467306
-0.368583
-0.370713
-0.736937
0.0442718
0.67604
-0.99851
-0.131225
0.384816
1.53124
-0.886415
0
0
-0
0.141895
0.613818
-1.04462
-1.43325
-1.23073
0.730911
0.583309
-0
0.819793
0.156094
0.0646362
0.696782
0.442269
0.392477
0.386755
0.41871
0.30766
0.341383
0.208493
-0.372838
0.785113
-0.785398
-0.242503
0.882233
1.50718
1.26981
1.45773
1.31288
1.27818
1.46629
-1.50489
-1.34803
-1.17026
-1.49097
-0.499347
-1.36284
1.38732
1.42768
1.40074
1.31667
1.56109
1.52084
0.0665672
0.785398
-1.3734
0.424815
0.242242
0.475696
0.661043
1.02094
1.3734
0.963515
-0.967627
0.927296
0.57004
0.685728
0.519146
0.422854
-0.321751
0.865228
1.27373
1.339
-1.47822
-1.18963
-0.400239
-0.404359
0.870649
1.28668
-0.12249
-0.0795101
1.14571
0.763332
-1.35
0.254872
-1.24777
0.741375
1.07067
-0.40296
-1.18036
-0.605418
-0.620481
-0.489495
-0.397398
-0.693141
-0.886964
-0.315008
-0.429165
0.660038
-0.29521
-0.635566
-1.36464
0.84208
0
0
-0.197396
-0
0.280093
-1.56632
1.47231
-1.46213
0.745844
0.935117
0.0342029
0.653589
-1.04128
0.329198
0.422281
0.441799
0.351289
0.33156
0.574591
0.417893
0.523336
0.448783
-0.35983
1.03415
-0.586603
0.100101
-0.550578
0.960855
1.0179
1.289
1.30752
-0.0454764
-1.11675
-1.51002
-0.832195
-0.944088
-0.968695
-0.496289
0.779478
0.781139
1.19987
1.32296
1.19688
-0.726353
-0.494772
1.12352
0.851732
1.2371
0.105877
-1.08941
0.640088
0.563316
1.03038
-0.785398
0.375915
-0.958583
0.69611
0.790432
-1.569
-1.20123
-1.09744
-1.48625
0.913721
0.822418
0.928362
-0.619546
-0.299859
-1.05014
0.514152
0.739259
-0.768678
-0.0418255
-0.90063
1.20532
1.42448
-1.52888
0.466684
-0.820248
-0.519606
1.30631
-0.967243
-0.136485
-0.596441
-0.48835
-0.35669
-0.326748
-0.598888
-0.595223
-0.210762
-0.975708
-1.3379
0.565192
-0.82074
1.29394
0.756975
0
0
-0.141897
-0
0.180612
0.985897
1.53787
1.53555
0.404661
-0.246816
0.43418
-1.30452
-0.0193156
0.738791
0.368659
0.421109
0.336574
0.249994
0.473773
0.578603
1.0399
1.45582
-1.33313
-0.472321
1.44059
0.678883
1.04695
0.903354
0.847829
0.847582
1.05797
1.33108
-1.55606
-1.42657
-1.39353
-1.47065
0.836126
-0.320446
-0.738101
-1.2323
-1.50768
-1.30874
-1.23723
1.05858
0.479992
0.518475
-0.872879
1.43264
-1.0924
1.51464
0.677708
0.785398
-1.1659
1.05635
0.944791
-1.20048
0.31823
-0.49651
-1.1454
0.293984
-0.982794
-1.30454
-1.5708
1.00407
1.3534
1.08591
1.07619
1.01126
0.187034
-0.196209
0.232083
-0.766347
1.43698
1.56176
-1.2945
-1.16547
0.0935464
0.361041
-0.875551
1.54273
-0.760373
-0.632085
0.963704
0.00974861
-0.1767
-0.25352
-0.384781
-0.235406
-0.161091
-1.44125
-1.09255
-1.39474
1.35821
-1.22197
-1.07293
0
0
-0
-0
-0
0.222347
1.24905
-1.5708
0.285763
0.553214
0.610956
-1.20613
-0.551138
0.56275
0.32241
0.371315
0.350745
0.294765
0.245081
0.360087
1.08172
-1.19444
-0.530057
-0.0174175
0.671567
0.359717
0.533737
0.40106
1.14091
1.07684
1.0325
1.02467
-1.52103
-1.0128
-1.16067
-1.18751
-1.31076
1.41214
-0.197396
-0.970747
-1.10715
-0.54042
-0.811708
1.49776
1.4289
-1.24905
1.20362
1.20825
-0.97693
-1.46535
0.246225
-0.241688
0.832306
0.649357
0.96007
-1.1659
-0.411064
1.55541
-1.44164
-1.33046
-1.06803
0.608771
-1.41419
-1.18727
-1.033
-0.717427
1.52008
0.14368
-0.820704
-1.36106
1.54472
0.312492
1.27028
-0.926172
-0.463635
0.0443307
1.18666
1.56165
-1.0005
-0.000392279
-0.470628
-0.604014
1.37292
0.392374
-0.0922076
-0.294714
-0.389614
-0.378655
-0.464087
-1.43616
-1.03968
-1.35397
1.3998
-1.54803
-1.3734
0
0
-0
-0
-0
0.154448
0.785398
-1.5708
-1.48393
0.315398
0.503198
-1.06261
-0.643832
0.467251
0.2376
0.261445
0.313369
0.680697
-0.0446353
-0.228902
1.47896
1.53845
1.22616
0.452883
0.0104859
0.355301
0.357219
0.536008
0.659182
0.904009
1.02368
-1.49145
1.5133
1.37374
1.32582
-1.13839
-1.18805
-1.13544
-1.07145
1.57079
-0.718829
-0.152649
-0.847817
1.54223
-1.22982
-1.10715
0.86854
0.785398
0.293454
0.800245
-0.851499
-1.50358
-0.869292
0.0741099
0.574305
-1.10401
-0.59883
-0.659755
-0.994403
-0.922418
-1.00899
-1.1442
-1.23466
-0.605545
-1.25391
-0.970285
-1.53176
1.34471
-1.46607
-0.823777
0.170735
-0.140856
1.42044
0.940633
1.13074
0.928581
0.707166
0.072061
0.131068
-0.114257
0.0343428
-0.177198
0.909275
0.348493
-0.240183
-0.349662
-0.358512
-0.530374
-0.784875
-1.10639
-0.971158
-0.932226
-0.654726
1.50719
1.08263
0
0
-0.0844608
0.28378
0.399629
-0.873242
1.45986
1.45489
1.542
0.913041
0.490204
0.0203077
-0.0514878
0.264227
0.182823
0.149699
0.10908
1.30029
0.121466
-0.261009
1.12259
-1.50355
-1.39723
1.01114
0.227362
0.302504
-0.0679107
0.475088
0.40314
0.193824
0.708427
0.969385
-1.32394
-0.823836
-0.785398
-0.179853
1.07145
-0.990793
-0.597177
-0.0212736
-1.0122
-0.691921
-1.47113
1.44644
-0.54042
-0.463648
0.463648
0.588003
0.614842
1.50104
-1.55678
1.3788
-0.0447225
-0.0483615
-0.426812
1.06974
0.175033
-0.323517
-1.05428
-1.36667
-0.716507
-1.41327
-0.955802
-0.617632
-1.27425
0.0275392
1.18205
1.3787
-0.316371
-0.137203
-0.271772
-0.710764
1.26681
0.435211
0.0626973
-0.339073
1.53773
1.04205
0.841184
0.184368
0.14541
-0.374702
1.04484
0.0348309
1.48069
-0.508774
-0.314321
-0.469824
-0.547765
-0.512134
-0.698865
-0.603158
-0.588316
-0.340964
0.0746608
0
0
-0.785397
-0.590144
-0.839545
1.12927
0.84674
1.08296
-1.49538
0.912667
0.370796
0.0674457
-0.952487
0.270509
0.206149
0.157802
0.0524803
0.781139
0.390908
0.434894
-0.192793
0.356648
-0.340482
0.586107
0.262594
-0.226851
1.19064
0.57442
0.51767
0.49051
0.556783
0.226252
-0.07213
-0.290243
-0.110657
-0.058755
-0.251689
-0.661044
-0.301619
-0.404892
1.24905
0.288975
0.876058
1.5708
0.6435
0.244978
1.03038
0.463647
0.467214
0.27254
1.30275
1.32574
0.665146
0.0431472
-1.28191
1.39256
1.1731
1.04311
-1.40271
-0.736849
-0.744857
1.49449
1.01087
0.534858
1.39093
1.41479
-1.48416
1.34685
1.34323
1.32573
-1.4779
-1.16268
-1.30463
0.0195597
-1.19999
-1.04669
1.45638
0.326812
0.708267
1.33804
-0.496465
-0.792883
-0.21563
-0.448825
0.686256
-0.488509
-0.212734
-0.316311
-0.135454
0.0414299
0.168353
0.238004
0.150964
-0.127257
-0.664378
0
0
-0.851066
-0.806804
-1.09788
1.56279
-1.02628
1.53441
-1.4114
-0.785398
-0.071295
-0.704102
1.02814
0.368134
0.24651
0.218256
0.300551
0.100672
0.276037
0.745073
-0.643441
-1.0637
0.809342
0.941198
0.85987
-0.789754
0.739826
0.32175
0.141897
0.379047
0.666889
-0.48312
-1.44614
0.0962462
-0.165149
-1.24905
-0.452154
-0.390607
-0.340097
-0.636508
-1.27536
0.785399
5.44958e-07
1.24905
-0.380506
-0.197396
-0.141897
-0.047583
-0.35402
0.454766
0.872257
1.06168
0.477182
-0.949999
0.989059
1.21353
1.47389
-1.03857
0.187829
-1.51779
1.50449
1.08214
-1.07387
1.24265
1.39334
-1.54408
1.29447
1.16922
1.17227
6.35783e-07
0.69792
-0.870141
-0.922465
-0.63716
-0.662437
-0.00601524
0.448723
-0.473356
-0.35299
1.24904
-0.321751
-0.0502682
0.298718
-0.465755
0.118287
-0.0172172
-0.104837
-0.276069
-0.195789
-0.377246
-0.252954
0.255468
0.786136
1.22193
1.37335
0
0
-0.0720791
-0.395422
-0.907435
-1.28795
-1.18433
-1.05664
1.34453
0.130479
0.0628804
-0.959254
0.428162
0.282041
0.230157
0.19682
0.316685
0.0743709
0.188452
0.57883
-0.448723
-0.876057
0.493941
0.580003
-1.49125
-0.420025
0.058756
-0.0748597
1.2723
0.451453
0.995871
0.45654
-1.06697
-0.173327
-0.404892
1.44644
-0.63275
-0.463649
-0.236848
-0.529247
-0.635027
-0.785398
-0.507099
1.19029
-0.785397
-0.486899
-0.909753
-0.524796
-0.476039
-0.0489245
-0.0811986
-0.361561
-1.08336
1.11891
0.749943
0.977664
-1.12854
-0.184515
0.0102197
0.713176
1.12044
0.197283
0.762912
1.12532
0.343397
1.32181
-1.14417
-1.48279
1.37758
1.5708
-1.24995
-1.44307
0.677128
0.482514
1.07121
-0.511381
-0.736656
0.54042
-0.499347
-0.885066
-0.57003
-0.02924
0.118054
-0.0732698
-1.16574
0.185837
-0.0836467
-0.259372
-0.358974
-0.725666
-0.671908
-0.463454
-0.316375
-2.43239e-06
0.861896
0
0
0.48446
0.0108519
-0.83701
-1.50767
-1.27201
-1.21164
-1.17062
0.833756
0.0802217
0.891994
-0.00647316
0.106888
0.125322
0.0817906
-0.184258
0.127912
0.0575667
-0.102608
0.0767713
-0.244979
0.0767718
-0.103081
0.800494
0.928289
0.785398
0.299776
0.165148
0.0188657
0.83191
0.44907
-0.336617
0.481168
-0.257324
1.3734
-0.266253
-0.2783
0.927297
-0.0475824
-0.124355
-0.257323
0.321751
0.40489
-0.226798
-0.0525827
-0.197396
-0.244979
-0.312408
0.205075
-0.227711
-1.46606
1.52376
0.680791
0.0429173
-0.638983
0.720971
0.301951
0.308044
0.686692
1.41673
-0.655588
-0.847919
1.43238
1.3984
-1.48129
1.10715
1.2579
1.14417
1.38132
-1.41226
-1.32541
-1.42295
-0.750929
-1.26977
0.852546
-0.655696
1.47113
1.30455
0.975386
-1.26565
-0.122331
-0.00654269
0.0211364
-0.775324
-0.452436
-0.127885
-0.204527
-0.3448
-0.599122
-0.557222
-0.436479
-0.518626
-0.661631
-1.07331
0
0
-0.690525
-0.417939
-0.415327
0.168652
-0.0925477
-0.168256
-0.187338
0.940703
0.825095
0.33157
-0.0635266
0.0521288
0.0631036
-0.0168344
-0.801718
0.198539
0.0249832
-0.371009
0.197395
-0.197396
-0.156602
-0.785398
0.72187
0.901825
1.20606
0.856705
-0.339292
-0.35299
0.730131
0.429374
-0.139626
-0.585387
0.218669
0.896056
0.722981
0.132552
1.24905
0.23109
-0.0730408
-0.718829
-1.3734
-0.885067
0.632749
0.554308
1.24905
0.86217
0.523923
-0.703897
-0.986692
1.31931
-1.4406
0.951641
-0.577159
-1.45103
1.02323
0.273009
-0.546774
-0.518672
1.33679
0.802837
1.36881
0.436685
-1.23365
-0.558257
1.50423
-1.40404
-0.741471
-0.0466949
-1.51223
-0.474176
0.0923293
0.950547
-0.781761
-1.30726
-1.20362
0.655696
1.22075
1.36814
-0.828009
-0.112688
-0.00746596
-0.131277
1.39718
-1.2909
-0.214974
-0.185926
-0.189939
-0.183905
-0.128782
-0.124311
-0.194803
-0.315057
-0.566642
0
0
-0.625391
-0.321752
0.0969746
1.36265
1.24061
1.12812
0.610682
0.645225
-1.41278
-0.271735
0.0852858
0.0841001
0.0916866
0.0284903
-1.08345
0.314199
0.191763
0.236946
-0.463647
-1.30454
0.588001
1.32582
0.390566
0.117287
-0.426626
-0.661043
0.291457
0.32175
2.49516e-07
-0.06411
-0.0362465
-1.06944
0.32175
0.257323
0.558599
-0.110657
1.0122
0.499346
-0.15265
-0.950547
-1.05165
-0.605544
0.35877
0.32175
1.00407
0.885066
0.700527
-1.50439
-1.45897
1.32256
-1.08171
-0.865175
0.527564
-1.32004
-0.566089
1.28149
-1.35856
-1.36363
1.45621
1.51352
-0.311471
0.14594
-0.311024
-0.794176
-0.764993
-0.588002
-0.59375
-0.893502
-1.50374
1.06064
0.404892
1.44525
1.39574
-1.32954
-1.53378
0.369334
0.72777
-1.4289
-0.271026
-0.0172114
-0.00138508
0.142129
-0.789761
0.405957
-0.171029
-0.140408
-0.0314272
0.042108
-0.0358419
-0.197321
-0.410344
-0.601269
-0.73423
0
0
-0.0831023
0.0906118
0.414165
0.915185
1.24905
0.785398
0.843414
0.591047
-1.1024
-0.432058
0.156236
0.0892651
0.101725
0.11032
0.630297
0.287333
0.341259
0.712256
-1.14417
-1.5708
-0.885067
0.253675
0.189811
-0.633209
-0.785397
-1.10715
0.334737
0.73544
-0.379801
-0.935877
0.476039
-0.56518
-0.643501
-0.432408
-0.5586
1.0839
1.04272
1.24905
0.141898
-0
0.32175
0.418223
-0.558599
-0.32175
-0.785398
-0.785397
-0.124402
0.622838
-1.16203
1.27964
0.261952
0.420845
0.313506
1.13214
-1.07078
-0.968077
0.00382527
0.347809
1.24904
0.367147
-0.0454031
-1.51697
-1.2071
-0.216675
-0.828849
-0.982794
1.54378
-1.12469
-1.45476
-1.20596
0.672247
0.842479
0.431556
0.549551
1.15257
-0.302885
-0.826192
1.19343
0.852337
0.401592
-0.0268197
0.450415
1.51663
-0.697806
-0.0084993
-0.0883293
-0.0635375
-0.0762211
-0.390104
-0.540215
-0.839521
-0.991178
-0.987356
0
0
-0.124311
0.183033
0.591396
0.862942
0.321751
0.927296
1.00407
0.244975
0.762225
-0.450528
0.243316
0.102239
0.108896
0.226041
-0.258756
0.190187
0.555808
1.27816
-1.4289
1.49403
-0.321751
0.0475833
0.132933
-0.262783
0.117109
-0.785398
0.183111
0.24498
0.223603
0.660032
0.688744
-1.42921
-1.0637
-0.60005
-1.38545
1.18248
1.3932
-0.674741
1.48014
-0.785399
-0.4869
-0.418225
0.493942
0.0399787
-1.1659
-0.785397
-0.150371
-0.0665683
0.141896
0.68573
0.54042
0.463648
-0.197396
-0.124355
-0.233744
0.0256352
-0.661043
-0.785397
1.05525
0.874448
-0.426628
0.849825
-0.674741
-0.950547
1.3784
1.17227
-8.47711e-07
-0.302885
0.669576
0.143191
-1.04272
-1.5607
1.26513
1.19157
-0.0906596
-0.0434502
1.27063
1.27006
1.54986
-0.0564941
-0.876557
0.469709
1.28149
-0.429378
0.13707
-0.103046
-0.308725
-0.390611
-0.24592
0.129638
-0.0907565
-0.785978
-0.845829
0
0
-0.161332
-0.0322348
-0.118167
-1.43065
0.588003
0.426628
0.785403
0.7854
1.19652
-0.688113
-2.13458e-07
-0.0209463
-0.0220694
-0.0301841
0.0726453
0.0132393
0.077927
1.48636
-1.3734
-1.5708
-0.141898
-0.0906601
-0.501013
-1.33021
-0.229904
0.54042
0.162199
0.358771
0.399007
-0.693381
0.13907
-0.566987
0.141897
1.3734
1.10715
1.03038
-1.30455
-0.105984
0.60005
-0.551655
-0.661043
-1.14417
1.2723
0.832982
-1.13417
0.694738
0.288975
0.620251
-0.42663
0.226798
0.708626
1.19029
-1.32582
-0.942
1.46014
0.305879
-0.540419
-0.32175
-0.197395
-0.278299
-0.741948
-1.13839
1.08084
-0.785398
-0.321751
0.920926
-1.03038
-0.188221
-0.295532
-1.04105
1.19873
-1.52537
1.42889
-1.14556
-0.197395
0.737815
0.347607
-1.272
0.747053
1.15204
-0.96058
0.399596
-0.606933
0.156413
-0.106605
-0.152722
-0.343184
-0.428738
-0.168991
0.236758
1.25021
0.788306
-0.370801
0
0
-0.0867162
-0.260505
-1.01085
-1.50046
1.07808
0.0762318
1.01438
0.518753
1.1024
-0.570955
-0.250337
-0.153532
-0.161909
-0.350004
0.623985
-0.258431
-0.519908
-1.38286
-1.30454
-1.03038
-2.72478e-07
-0.0996689
-1.28333
1.30402
-0.744605
1.3633
0.416064
-0.528074
-0.695152
1.19666
0.283724
0.603126
0.620249
0.558599
0.574305
0.32175
0.0767731
0
-0.321751
0.39708
0.67474
-0.785398
0.620248
0.35299
-0.404892
-0.141897
0.02065
0.663081
-0.725429
-0.206058
0.0424417
0.880752
0.879791
-1.20011
-1.19974
1.35499
1.32848
-0.688749
-0.200324
-0.705121
0.177732
1.35884
-1.31646
-0.950331
0.390607
-0.54042
0.757628
0.741947
-0.862942
1.19252
-0.386875
-1.5708
1.08235
0.782667
0.393058
0.0906626
1.50423
1.45826
-1.54404
-1.15406
-0.205025
0.249395
0.0233488
0.371816
-0.250035
-0.0669492
-0.135567
-0.203103
-0.120338
-0.080878
0.786675
-1.52971
1.01259
0
0
-0.239033
-0.545932
-1.29503
-1.32515
-1.29673
0.864475
-0.331536
-0.0597458
-1.14645
0.372747
0.0177023
-0.0717595
-0.098988
-0.151487
-0.338199
-0.252981
-0.259123
-0.815087
-1.0637
-1.24904
0.493941
0.321751
-0.746614
0.108406
-0.29544
-0.885065
-0.0344688
-5.44957e-07
-0.493822
-0.949838
1.53234
0.651555
0.436627
0.741948
1.12469
1.32582
-0.63275
-0.204642
-0.442373
0.0713072
-0.463646
0.785398
-1.344
-0.837981
0.927296
1.53633
-0.304879
0.0998089
-0.537848
-0.411545
-0.76516
-1.03797
-0.488089
0.411736
-1.04956
-0.435009
0.511145
-0.345909
0.316613
-1.21468
-0.444183
-0.764786
0.844449
0.68083
-0.967567
-1.54516
0.602288
0.600051
-1.25216
-1.32181
-0.32175
1.0839
0.816401
1.26513
-1.15711
1.10137
0.898833
-1.32968
-0.377219
0.0113601
-1.02878
0.131678
0.110402
0.315148
-0.0710037
0.114485
0.12581
0.013798
0.0500506
0.141857
0.745423
1.36667
1.43534
0
0
-0.33826
-0.691293
-1.33895
-1.19905
-0.967773
1.47566
-0.801501
-0.606728
1.32876
0.932655
0.421227
0.0688195
0.0181256
0.100843
1.10927
-0.0616227
0.140864
0.591397
-0.785398
1.19029
0.580003
0.574305
-1.52035
-0.963661
0.866302
1.13417
-0.746955
1.39612
0.69547
0.815945
1.42907
-1.0431
0.266252
0.530216
1.2925
-1.16591
-0.24498
-0.0565436
0.222082
-0.934288
-1.22524
-0.574306
0.507097
-0.643501
0.4869
1.03038
-0.0959751
-0.271435
0.504913
0.0672122
-0.189647
-0.213486
-0.0705923
0.195843
-1.5708
-0.513253
-0.575531
-0.283779
0.330932
1.01358
-0.683898
-1.3465
1.28168
1.27107
0.291457
1.39612
1.5153
1.046
-0.315463
0.688743
0.643501
-0.308053
-0.0209343
-0.400037
-0.181649
0.305879
-1.5571
1.30209
1.2847
0.533209
-0.0636808
-0.107454
0.270593
0.406903
-0.033281
0.0836897
0.142117
0.0424082
0.0166959
0.0222128
0.177693
0.673735
1.3649
0
0
-0.238238
-0.361189
-1.02861
-0.785141
-0.512276
-1.15452
-0.85869
-0.759007
1.00149
0.819763
0.494224
0.0755369
0.0180789
0.0951328
1.53856
-0.0566548
0.178557
0.917294
-0.540419
0.197396
0.304511
0.390607
1.02028
-0.730365
0.735439
0.982794
0.238609
1.35213
-0.660916
-0.154297
0.595976
-0.208977
-0.0475833
-0.0713073
1.10715
1.07686
0.718831
0.30092
0.502843
-0.970747
-0.652847
-0.124355
0.257323
-0.197395
-0.785398
1.5708
0.209913
0.189492
-0.630128
-0.583691
-0.402483
-0.305787
-0.368831
-0.306194
-0.605545
-0.206324
-0.55995
-0.855909
-0.335177
-1.06524
0.575476
0.915858
1.19163
1.10946
1.41166
-0.571338
-1.3597
1.36082
1.23081
1.41652
-0.32175
2.00773e-07
-0.771144
-1.35332
-1.41815
-1.26274
0.673195
1.23924
-0.785398
0.415531
0.156606
-0.97015
0.382997
0.757822
-0.084805
-0.130852
-0.253038
-0.165865
-0.28364
-0.463541
-0.738343
-0.832969
-1.09399
0
0
-0.0463347
0.121357
0.837738
0.761464
0.578549
0.951476
0.507312
0.227969
0.144841
0.222962
-5.17528e-07
-0.112618
-0.104327
-0.104773
-0.385677
-0.0856505
-0.0650463
0.209137
-0.367173
-0.352991
-0.23861
-0.358771
-0.589832
5.23809e-07
0.524796
-0.785399
0.0204052
0.785399
-0.149385
-0.0448363
-0.263178
0.0423895
-0.0475833
-0.348772
0.938048
1.15257
0.840897
0.357134
0.59541
-0.0767729
0.321751
0.12751
0.32175
-0.345556
-1.03038
-1.24905
1.16104e-07
0.198636
-0.881611
-0.34927
-0
0.263313
-1.27706
-0.893361
-1.06381
1.00431
0.0165239
-0.0929699
9.06191e-07
0.126894
-0.193765
0.268897
0.420215
0.0735565
0.785398
0.204642
0.680521
0.757628
-1.28812
-0.683335
0.785398
-1.10715
-1.5651
-1.09859
-0.753663
-0.678662
-0.785399
-1.40565
1.37487
1.46237
0.3951
0.443577
0.357497
-1.20278
-0.0164056
-0.115405
-0.15211
-0.135162
-0.392557
-0.605406
-0.851529
-0.859394
-1.02635
0
0
0.127849
0.307838
0.958451
0.930551
1.01947
-1.57027
1.15203
0.982349
-0.480986
-0.393991
-0.686826
-0.246865
-0.172529
-0.214594
-0.498848
-0.199495
-0.283396
-0.501417
-0.158811
-0.702258
-0.558599
-0.785398
-0.917431
-1.49125
-0.103082
-0.367174
-0.0713076
-0.785402
0.228851
0.0650166
-1.2382
0.511201
0.270947
0.0767714
0.358772
0.785399
0.35299
0.156602
0.620249
-0.337878
-0.856705
-0.422854
-0.519146
0.446106
1.5708
1.03038
-0.431035
-0.902163
1.34056
1.1462
1.03381
1.50423
-0.959947
1.36077
-0.64987
1.50423
0.960556
0.535675
-0.931575
-0.892455
0.62659
-0.368203
-1.05169
1.54745
-1.40006
1.30454
-0.694739
-0.842479
1.23051
1.2493
0.122771
-0.661043
-1.48525
0.826656
0.620229
0.92441
-1.54641
-0.752077
-0.0945248
0.0999587
0.407254
0.151869
0.257591
0.0472574
0.133241
0.120744
0.224154
0.226812
-0.101016
-0.321645
-0.48959
-0.401388
-0.424176
0
0
-0.456714
-0.503297
-0.525954
-0.439778
-0.557116
-1.38634
-0.521303
-0.182137
-0.0960678
-0.34068
-0.582862
-0.151743
-0.200868
-0.27408
-0.244255
-0.275783
-0.14169
-0.1187
0.74889
1.41359
-0.356421
-0.58345
-0.967783
-1.02928
-0.368014
0.758839
0.0686506
-1.00395
0.0235163
-0.230777
1.45971
0.404015
0.350846
1.01334
-0.418226
0.174672
0.678389
0.279643
-0.604458
0.0559605
-1.3748
-0.664513
-0.720971
1.03038
0.218591
0.733094
-1.25057
-1.55382
1.38578
1.42205
1.45132
-0.666338
0.134116
0.52805
-0.507231
0.965321
0.937582
-1.31538
-1.14356
0.193531
-1.49073
-1.02436
-1.22441
0.705765
-0.18032
-0.472939
0.441905
-0.900997
1.52174
-1.05235
-0.42135
0.821625
0.739073
0.742069
0.803368
1.56022
-0.273615
0.566012
0.647545
-0.0987664
-0.871482
0.273964
0.324578
0.17175
0.2102
0.0704795
-0.0142744
0.149825
0.2827
0.141764
-0.0266464
-0.128772
-0.172093
0
0
-0.590243
-0.551903
-0.631243
-0.773816
-0.852977
-1.21855
-0.636746
0.0296274
0.0878378
0.285796
0.403296
-0.0251238
-0.182311
-0.174752
-0.101381
-0.0545135
-0.104014
-0.474021
0.679737
-0.197687
0.0825734
0.0729362
-1.14201
-0.356247
-0.425862
1.28094
-0.0157666
1.53932
0.701027
-0.150691
-1.34609
0.119956
-0.0415371
0.401645
-0.851966
-0.0212732
0.519842
0.84491
1.25311
-1.11426
-0.0972874
0.0308125
0.14889
1.0637
0.929214
0.625296
1.10236
1.19664
1.11293
0.793943
1.00124
1.06163
1.15985
-1.53473
-1.32572
1.35297
-0.0475001
0.725312
0.173171
-0.255184
-0.112282
0.678065
0.880419
1.47534
1.05211
1.08249
0.81642
-1.46377
1.22797
-1.33525
0.407413
0.705783
0.356805
0.109808
-0.887891
1.3405
1.08877
0.4253
0.25007
0.187606
0.556101
0.324797
0.68656
0.129696
0.189936
0.0411903
-0.105042
-0.0561031
0.204936
0.235284
0.0186085
-0.181413
-0.401354
0
0
-0.122249
-0.107947
-0.134149
-0.275295
-0.463647
-0.540419
0.157701
0.558526
-0.0474153
0.438907
0.898177
0.020534
-0.122091
-0.0623621
-0.0555014
0.0530901
-0.378535
-0.831068
-0.3835
0.905236
-0.0311098
0.75761
0.620966
-0.318637
-1.18437
-1.35126
-0.966949
-1.47009
1.17911
-1.38763
-1.49306
1.09135
0.667664
0.779696
-1.19029
-0.159137
0.105274
-0.128114
0.528074
-0.605544
-1.42874
0.445329
0.471778
1.00407
1.22295
0.3086
-1.46889
1.37449
1.37978
1.3098
1.32483
1.47611
-0.6726
0.771157
0.784616
-0.457116
1.10387
-0.879949
-0.326165
0.487536
0.627578
-0.508968
-0.975686
-1.37102
-0.319958
-1.32711
-0.77818
-0.543725
0.380473
-0.476358
-0.0377557
-0.368612
-0.468139
-0.80036
1.31459
-1.42494
-1.22033
0.0917571
0.797808
0.604295
0.334783
0.324095
-0.573324
0.0904054
0.181199
0.274432
0.179772
-0.0125318
-0.148888
-0.0457195
-0.022929
-0.0914402
-0.364521
0
0
-0.110583
-0.0852351
-0.118247
-0.287358
-0.463648
-0.588004
-0.310603
-0.445136
0.178852
0.237855
0.847447
0.0536858
-0.140864
-0.146911
-0.177972
-0.260007
-0.502065
-0.514621
-0.256937
0.113407
-0.0714463
0.783206
0.415093
-1.2997
-1.45656
-0.677972
-0.521856
1.03712
1.00139
-0.837045
1.08855
0.769049
0.934934
0.995442
-0.150372
0.185946
0.181815
0.0762107
0.355636
-0.69866
-1.07074
0.246686
0.292912
0.854255
-0.719463
1.07375
1.04391
1.11084
1.28986
1.21947
-0.614969
0.330913
0.465473
-0.163813
0.0356077
0.300047
-1.41042
0.810666
-0.963598
0.104736
-1.04019
1.15951
1.04732
-1.21185
-0.126597
0.724555
-0.348162
-0.454975
-0.500042
0.431921
0.0227335
1.29916
0.550843
0.888453
-1.32339
1.29221
-1.449
-0.402059
0.419134
-0.246385
0.300151
0.431211
-0.111283
0.12994
0.210249
0.263254
0.215786
0.0798614
-0.0185671
0.134032
0.361401
0.153294
-0.09218
0
0
0.027991
0.0166375
-0.0419467
-0.00950381
0.144191
0.0323067
-0.931071
-1.05921
0.415345
-0.0656971
-0.0934963
0.0538832
-0.167939
-0.257905
-0.262063
0.0500874
-0.16606
0.00252774
-0.408581
-0.555282
-0.0637275
-0.0930358
-0.0828516
0.867067
-0.832804
-0.35579
-1.13645
1.15135
-0.390525
0.727661
-0.64496
0.13928
0.431217
0.721405
0.757532
0.760735
0.840017
0.442326
0.531893
0.130786
0.0211682
0.205723
0.11803
-0.475184
0.651048
0.87358
0.972949
0.677415
1.29774
1.40282
1.31976
0.758671
-0.940037
1.30345
-0.786224
-0.153084
0.567252
-0.633111
0.818586
1.06787
-1.46261
-0.907488
-0.608279
0.775332
0.298195
-1.47565
0.676579
1.04644
0.333959
-0.181456
-0.0137153
0.731242
0.933819
1.20384
-1.46743
-1.18533
0.0860682
-1.50944
0.521348
0.152565
0.258245
0.376369
0.14414
0.180601
0.196697
0.196039
0.206069
0.303569
0.29667
0.382677
0.632704
0.596336
0.801169
0
0
0.0681387
0.0397634
0.0842149
0.131636
0.144191
0.408051
0.365218
-1.22835
0.952411
-0.325605
-0.550584
-0.14919
-0.185152
-0.33795
-0.300388
-0.292187
-0.0597071
-0.17579
-0.816975
-0.465762
0.0944514
-0.077612
-0.567478
-0.700394
0.623747
-0.188965
1.43375
-1.41993
-0.199345
-1.34918
0.896596
0.915484
1.5171
0.484246
0.657782
1.09845
-0.0557254
0.521403
-1.30968
-0.131789
-1.56153
-0.214088
-1.06922
1.45165
1.00288
0.703502
0.913357
0.833794
1.12784
1.41975
-1.03591
-0.459653
0.660323
1.10942
1.26976
0.981902
1.46598
1.05959
0.927936
0.849206
-1.25803
-0.246321
-0.560781
0.43498
-0.190429
1.00799
0.517841
-0.0482801
-1.01895
0.127953
-0.00994216
0.159632
-0.7408
1.41692
-1.41864
1.19834
0.896983
0.409595
1.39588
0.314137
0.295014
-0.517453
0.299253
0.22715
0.181421
0.180943
0.200097
0.323841
0.382283
0.442158
0.606297
0.642063
0.993706
0
0
0.116183
0.104133
0.144839
0.289613
0.470705
0.624962
-0.387777
-1.39945
0.733762
-0.572924
-0.694574
-0.364733
-0.313776
-0.395011
-0.335596
-0.382836
-0.249519
-0.776844
-0.791407
-0.178742
-0.377804
-0.0462355
-1.23276
-0.604278
-1.29843
-1.39851
1.1714
-1.336
-0.952231
1.24126
0.838307
1.39512
0.0730696
0.462704
0.301394
1.00174
0.404892
0.372988
-0.708626
-0.915101
-1.046
0.909753
1.23815
1.34118
1.34885
-1.46352
1.17844
0.905631
0.876653
-0.957348
-0.413966
-1.18911
1.12607
0.917231
-1.42272
-1.10077
0.639616
0.0408718
-1.28616
1.31422
-1.49009
1.08416
-0.553503
0.740342
-0.954316
0.429694
0.751835
-0.677296
-0.343437
-1.1498
0.60406
0.358553
0.810577
1.07167
-0.610238
1.00642
-0.260416
0.277905
0.118009
0.38737
0.506303
0.388668
0.362741
0.278
0.178058
0.240705
0.314632
0.327392
0.328067
0.270074
0.193765
0.122175
0.376744
0
0
0.116184
0.104133
0.144839
0.289612
0.456784
0.563515
-0.902224
-1.46822
-1.08361
-1.07919
-0.784651
-0.315391
-0.330877
-0.317489
-0.316126
-0.309978
0.224296
-0.612425
-0.119986
0.104605
-0.404714
0.0183193
0.349347
-0.939422
-0.823037
-0.694356
0.438196
1.22608
-1.48336
1.41681
1.05034
-0.0570283
0.512004
0.882942
0.33682
1.06435
0.86685
0.124355
1.5708
-0.321751
0.0587556
0.218669
0.0836413
-1.41736
0.942301
0.948358
1.25367
1.44462
1.14892
-0.825904
-0.656905
-1.51657
0.910881
0.684282
-1.38067
-1.11606
1.47124
-1.30143
1.43294
0.894748
-1.3621
-1.29968
-0.304342
0.174236
-0.230523
-0.113215
-0.152276
0.136005
0.544689
1.12123
0.846895
-1.36116
-0.882569
-1.50182
1.51012
1.31593
0.743746
0.654494
0.451711
0.529271
1.24501
0.211645
0.344159
0.31262
0.159876
0.234326
0.332384
0.21338
0.150206
0.00384139
-0.222039
-0.246024
-0.159426
0
0
0.0341487
-0.229312
-0.543865
-0.913171
-0.921467
-0.801744
-0.187363
-1.03967
0.0159009
1.42674
0.375868
-0.114585
-0.203349
-0.18915
-0.283176
-0.314743
-0.222524
-0.637568
-0.326119
0.0397681
-1.01918
-0.0316899
-0.26721
0.968723
-1.11502
-1.04775
-0.632358
-0.288267
0.60112
-1.56511
0.809917
0.756687
0.655566
-1.51499
0.406139
0.736414
-1.55864
0.588425
-0.429223
-0.140141
-0.329232
-0.732615
-1.26174
1.39284
1.0766
0.728317
1.08979
-1.17084
1.2575
-0.831909
-0.610726
-1.3734
0.67474
0.950547
-1.43065
0.263179
0.2783
0.885068
-1.31454
-1.16611
1.45048
1.41129
-0.542901
-0.854542
1.06738
-0.111685
-0.973893
0.896497
0.516227
0.183118
-0.546071
0.941582
-0.589688
0.125629
0.254176
0.572116
0.833684
0.132715
0.500597
0.689852
-0.0125826
0.225487
0.293351
0.476147
0.380846
0.296372
0.29608
0.218669
0.244963
0.488289
0.785256
0.654277
0.414536
0
0
-0.0469723
-0.342106
-0.729452
-0.895992
-0.730262
-0.50109
-0.693102
1.09685
0.485046
0.916929
0.803256
-0.24012
-0.373444
-0.405618
-0.341741
-0.37974
-0.378391
0.113094
-0.522409
-0.459642
0.309168
-1.53773
-0.345075
-0.434633
0.906479
-1.15154
-1.25571
-1.25341
-1.31739
1.48116
1.14739
0.940799
0.774755
0.595989
0.487281
-0.0785054
1.00567
-0.163813
0.263006
0.400332
-0.432312
-0.943575
-1.45532
1.21867
0.797859
-0.708661
-1.52659
-1.27419
-1.09367
0.543837
0
-1.24905
0.643501
0.785391
0.917293
1.08326
0.165149
0.0587559
-1.50952
-0.6392
0.0918429
-1.00674
0.449907
-1.35148
-1.31757
-1.25362
0.701431
0.973091
1.18668
-0.834688
1.46189
-1.46079
-0.90615
1.01763
0.859773
0.654036
-0.632772
0.415979
0.463499
0.903816
0.311861
0.25944
0.263951
0.445848
0.463506
0.352859
0.352991
0.358771
0.367862
0.529564
0.894397
1.04943
0.734072
0
0
-0.00438947
-0.0632592
-0.141839
-0.14184
-0.106621
-0.0848719
-1.35079
0.979481
1.21202
1.40565
1.49022
0.348472
0.0809829
-0.0683788
-0.329153
-0.538475
-0.559407
-0.503445
-0.414901
-0.370664
0.628568
-0.502628
-1.1496
-0.685626
-0.861508
-0.478744
1.22501
-1.38567
-1.29497
1.49997
1.18561
-0.945009
1.26054
0.523191
0.532209
-1.41831
-1.21485
-0.949836
1.4289
1.46014
1.17965
1.114
-0.72247
0.490203
-1.32561
0.620937
1.4857
-1.2161
-1.32492
1.16278
0.232895
1.12566
1.26319
-0.94862
-0.0379043
0.914904
0.809142
0.181834
0.607198
-0.65311
-0.47685
0.580463
-0.674564
-0.676207
-0.161438
-0.401939
-0
0.34511
1.20864
-0.613818
-1.01939
1.00601
0.945713
0.81126
0.6309
0.718569
0.415846
0.520511
0.560239
0.575565
0.371415
0.314813
0.311473
0.318579
0.28273
0.293041
0.3675
0.363852
0.266349
0.222706
0.307403
0.553325
0.409535
0
0
0.316629
0.309787
0.343076
0.343075
0.256508
0.131505
-1.26474
-0.71642
-1.24904
-1.48014
-1.19934
-0.10104
-0.0114067
-0.0751129
-0.468238
-0.610835
-0.591721
-0.529908
-0.594403
-0.389075
-0.554917
-0.999294
-1.31167
-0.679485
-0.969342
-1.0458
-1.20287
-1.45156
1.42365
1.3646
1.30664
1.47564
1.50956
0.843785
0.752779
-1.37007
-0.826536
-0.476039
-0.110658
-0.197394
-1.48636
1.16555
1.27503
1.40868
-1.19604
-0.640765
1.43486
1.16841
-1.56186
-1.42331
1.29365
1.01572
1.45157
-0.536257
0.0294387
0.595985
1.38702
-0.195519
-0.408653
-0.193767
-0.467183
-0.683304
0.254798
-1.09748
1.32303
1.12431
0.619894
-1.14082
-1.53151
1.46664
-0.808082
-0.381072
0.714898
0.603836
0.500659
0.769733
0.54387
0.53084
-0.719622
0.514575
0.447353
0.393505
0.371885
0.331625
0.262554
0.230438
0.25435
0.328032
0.283358
0.267425
0.486554
0.700447
0.594756
0
0
0.448276
0.52504
0.687073
0.679874
0.52274
0.386216
0.931482
-1.54511
-1.48885
-1.49188
-1.18987
-0.652596
-0.444262
-0.518083
-0.693592
-0.334894
-0.327074
-0.454547
-0.501989
-0.658455
-0.648795
-0.570225
-0.818391
-0.390818
-1.07507
-1.5399
-1.32652
-1.21436
-1.42768
1.18263
1.20021
-0.702077
-0.82067
-0.142108
-0.361173
1.5708
-0.239579
-0.56336
-1.14845
-1.4739
1.43052
1.16141
1.26821
-1.40938
-0.760778
-0.221305
-0.465806
-0.165344
0.586435
0.911767
-0.416105
-0.122815
1.03361
0.0748897
-0.0162777
-0.182933
0.486546
-0.14792
-0.349653
0.0350292
-1.13439
-1.27856
-1.27306
-0.728243
0.60632
1.06161
-1.44194
-0.511704
0.709755
-0.659204
-1.01283
1.36795
0.269166
0.469898
0.7141
0.668504
0.703467
0.723244
0.367811
0.443965
0.457992
0.403825
0.38019
0.288725
0.17674
0.108048
0.0738299
0.168908
0.261477
0.232269
0.391666
0.700046
0.389704
0
0
0.396022
0.363472
0.51839
0.535924
0.258422
0.0669694
-0.827445
-1.54792
-1.43874
1.48684
0.7438
0.42222
0.212803
-0.051087
-0.565257
-0.614329
-0.430333
-0.450758
-0.571464
-0.595253
-0.472852
-0.567847
-0.496386
-0.708692
-0.338033
-0.658604
-1.43791
0.0411973
-0.937945
1.50337
0.634414
0.884298
1.51663
-0.5277
-0.557212
-0.969514
0.458602
-0.68409
-1.43444
-1.50669
1.31665
0.988499
1.0351
-0.59574
0.0288323
0.321999
1.47102
-1.10334
1.42807
1.45281
-0.832336
-0.371181
0.120612
-0.566147
-0.61455
-0.779362
-0.660298
-0.0523495
-0.741911
-0.800311
-0.803401
0.422846
-0.125576
-0.101068
-0.453002
-0.920475
1.41999
0.0707872
-1.14171
1.09917
-0.671385
0.682545
0.551957
0.175969
0.62916
0.571599
0.833198
-0.577089
0.380894
0.503429
0.485875
0.413888
0.407492
0.329251
0.256001
0.182041
0.0599587
0.0199989
0.0234649
0.025542
0.0413952
0.0589271
0.0910676
0
0
0.0350398
0.098534
0.159679
0.160385
-0.209478
-0.46877
1.2605
1.14253
-0.767908
-1.05181
-1.27034e-06
-0.179762
-0.338252
-0.727996
-0.831807
-0.573451
-0.291759
-0.353403
-0.582768
-0.504146
-0.474287
-0.706745
-0.687427
-0.724086
-0.674589
1.45191
1.31449
0.892514
1.06033
-0.98988
-0.774202
1.45824
1.4471
-1.5294
1.24211
0.507058
0.661447
-0.660032
1.24904
-0.463648
-0
-0
-0.119499
0.122731
0.0713455
0.0562041
0.418961
-0.464065
-0.537837
1.30505
0.231765
0.12081
0.540451
-1.29587
-0.899736
-0.725641
-0.679297
-1.54193
1.41047
-1.31137
-1.28386
-1.55105
1.17037
0.809413
-1.37045
-1.42454
-1.36683
-1.24601
-0.838012
0.226707
1.08126
0.697475
0.64489
0.678109
0.690137
0.553487
0.651989
0.215972
0.473074
0.624543
0.548695
0.475911
0.460113
0.381479
0.424848
0.506323
0.232476
-0.100849
-0.23945
-0.191628
-0.192326
-0.167979
0.410409
0
0
-0.241054
-0.167215
-0.227943
-0.448578
-0.728662
-0.726756
-0.389704
1.38565
1.09582
1.3996
-0.856263
-0.426429
-0.34043
-0.543751
-0.345425
-0.00491653
-0.311924
-0.688382
-0.67854
-0.467553
-0.491485
0.591405
-0.808672
-0.775453
0.234211
-1.20553
-0.761746
-1.35619
-0.173467
0.298289
-0.837037
0.906222
1.27317
-1.12186
-0.973965
-0.495868
0.502599
-0.385199
0.421031
-0.110658
-0.528759
-0.154447
0.152619
-0.421321
-0.474975
-0.58521
-0.808225
0.786201
0.540418
-0.598567
-0.816609
-0.555641
-0.599608
-0.916718
-0.641456
-0.705748
-0.933249
1.34166
1.23797
-1.11029
-0.81054
1.21715
0.877427
-1.29178
-0.910276
1.39351
1.16136
0.489919
-1.04299
0.41317
0.776768
0.567639
0.81027
0.722088
0.742787
0.562319
0.863624
0.420379
0.459325
0.587495
0.522025
0.49146
0.525811
0.424679
0.500533
0.809247
0.598539
-0.187185
-0.328248
-0.286607
-0.317973
-0.250212
0.219954
0
0
0.481115
0.162396
0.0275285
0.256481
0.819356
0.89013
0.713276
0.834173
0.825769
-0.105622
0.233817
0.165481
0.180492
0.406736
0.161996
-0.292314
-0.963155
-0.804047
-0.516827
-0.529338
-0.554684
-0.564178
-1.22979
-0.768181
-0.674831
-0.551495
-0.852896
-1.11719
-1.22243
-0.746582
-1.49904
-0.256297
-0.921411
0.626734
0.161598
0.359004
0.748212
-0.738957
-1.09405
0.82018
-0.893128
-0.351735
-0.0996409
-0.238702
-0.0737042
0.00882673
0.154231
-1.477
-0.45608
1.41382
1.5615
-0.265349
-0.674851
-0.661169
-1.03982
-0.313318
-1.13609
1.33195
1.50998
-0.130909
-0.239287
-0.428721
-0.424155
0.461319
-1.46599
1.00497
-1.35555
-0.208117
0.640037
0.793275
0.792075
0.972909
0.807892
0.815703
0.985155
-1.13032
0.731031
0.546495
0.495721
0.555241
0.545998
0.513241
0.546064
0.295237
0.154807
0.288365
0.804945
0.667838
0.475564
-0.00262975
-0.760534
-1.04623
-0.753598
0
0
0.944436
0.568593
0.390422
0.528157
0.813804
1.07096
0.881143
0.819209
1.43809
-0.206348
-0.208479
-0.317824
-0.397687
-0.594716
-0.747633
-1.02041
-1.25116
-0.446657
-0.331255
-0.528007
-0.515884
-0.563713
-0.699195
-0.644965
-0.860694
-0.993117
-0.927283
-1.52294
-1.32204
-0.973936
-0.440201
-0.212306
0.287743
-1.47878
-0.606476
-0.173102
0.322247
-0.344844
1.44803
1.25242
-1.36768
-1.01169
-0.864778
1.32575
0.0801576
-0.0121525
-0.805934
1.32315
1.24004
1.38376
-1.49179
-1.42324
1.09442
-0.0795206
-1.45857
-1.40557
0.858849
-1.42916
-0.233555
0.237879
-0.653503
-1.26172
0.729628
0.291488
0.188201
-0.141801
1.47449
1.37942
0.981724
0.915607
0.861456
0.864203
0.795189
0.911677
-0.478033
0.645318
0.648981
0.598161
0.569361
0.574359
0.623421
0.631291
0.690637
0.395741
0.172531
0.319682
0.814955
0.853532
0.989607
1.18283
-1.0881
-0.723158
-0.359338
0
0
0.449125
0.310896
0.236477
0.268751
0.31812
0.463648
0.390652
0.308094
-1.24904
-0.588002
-0.426629
-0.352992
-0.404892
-0.632749
-1.05777
-1.51282
-1.09052
-0.489963
-0.482678
-0.574868
-0.517807
-0.559997
-0.761422
-0.727359
1.27603
-1.08907
-0.883581
-0.58143
1.25013
-0.820879
-0.856972
1.40698
0.739321
1.12188
-0.658706
-0.765153
-1.07485
-1.38514
0.424047
0.888708
-1.18051
-0.756515
-0.622258
-0.809224
-0.103748
-0.337427
1.34991
0.814636
1.03555
1.28056
-1.22461
-1.227
-1.32791
-0.454988
1.21747
-0.750225
-0.404692
0.934214
0.410798
0.607283
0.276775
1.44706
-1.56707
0.416492
-0.0308166
0.605459
1.03315
1.22125
-1.01404
0.994596
0.905937
0.882736
0.83411
-0.692419
0.55472
0.665946
0.573014
0.556044
0.596051
0.61484
0.695389
0.74653
0.882858
0.745968
0.62025
0.785399
0.86902
0.623626
0.824923
-1.09361
-1.19914
0.580186
0.265976
0
0
-0
-0
-0
0.0665679
0.165149
0.244979
0.187011
-0.187012
-0.785398
0
-0.110656
-0.244976
-0.352988
-0.605544
-0.876998
-1.15573
-0.162004
-0.178368
-0.395516
-0.612257
-0.596682
-0.667701
-0.821781
-0.654672
-0.392008
1.34581
-0.846065
-0.88412
-0.99186
-1.17105
-1.17753
-1.26518
-1.11492
0.636379
1.34678
1.17941
-1.30967
-1.27693
-0.844348
-0.668198
0.932191
0.376822
-0.0479063
-0.805179
0.906294
0.61515
1.49113
-0.973678
-0.766678
-1.24195
0.990198
-0.715317
-0.784347
-0.0903181
0.564113
-0.763002
-0.717179
1.07461
0.217971
-1.09443
0.730376
1.48204
-0.20237
1.00042
1.14094
1.05103
1.06119
0.868601
1.01248
0.994748
0.918857
0.911848
1.47501
0.552012
0.667607
0.75595
0.653803
0.569387
0.595197
0.658215
0.750601
0.785398
0.865141
0.650159
0.463648
0.524796
0.430315
0.0388991
0.063983
-0.421029
-0.271097
-0.0375927
-0.176936
0
0
-0.463648
-0.32175
-0.244977
-0.244978
-0.321751
-0.463648
-0.989545
-1.2926
-1.24904
0.982794
0.404892
1.27156e-06
-0.17467
-0.321751
-0.39737
-0.69855
-0.471318
-0.399385
-0.671428
-0.824053
-0.744812
-0.809607
-0.805796
-0.660128
-0.648706
-0.721324
-1.18063
-0.945161
-0.949217
-0.955798
-0.872867
-1.50365
-1.04596
-0.883365
-1.07413
0.558426
-0.0769347
-1.43484
-0.705083
-0.778314
1.35595
1.27949
1.2218
1.5179
-0.851657
-0.946271
-0.91034
0.685442
0.564734
1.5011
-0.661621
1.4567
1.40696
0.562131
0.577895
-0.241942
-0.200623
0.810182
0.709478
-1.18093
0.165327
1.38742
1.0096
0.971305
1.1463
1.01922
1.07741
0.999816
0.967772
1.05204
1.07554
-1.53755
0.873137
0.711229
0.692629
0.7548
0.674229
0.546451
0.549313
0.60495
0.620249
0.588003
0.531723
0.211385
0.0875876
-0.109998
-0.746843
-0.525385
-0.56673
0.982795
0.849945
-0.853536
-0.876057
0
0
-0.463647
-0.32175
-0.244978
-0.244978
-0.321751
-0.463648
-1.31928
1.35959
-1.19029
1.57079
0.785398
-3.81468e-06
-0.197399
-0.321754
-0.403444
-0.492814
-0.392398
-0.580629
-0.836916
-0.839163
-0.71917
-0.79985
-0.728116
-0.694545
-0.718922
-0.707184
-0.808896
-1.36387
-0.909355
-1.10075
-1.07589
-1.06774
-1.43232
-0.992607
-1.36588
-1.44507
-1.20789
-0.493833
0.285848
-0.731442
1.4259
1.51813
-1.39917
-0.515081
0.144456
-0.0209079
-0.051188
-0.0391191
0.0667813
-1.40335
-0.0343968
0.601499
1.44133
0.2861
-1.04316
0.672985
-1.0052
0.994227
-1.5201
0.965024
1.1011
1.34616
1.19897
-0.395857
1.14413
1.12429
1.08677
1.01994
1.01298
1.44601
0.0197368
0.819877
0.84831
0.7364
0.691125
0.741922
0.734816
0.625631
0.642422
0.718757
0.597176
0.486899
0.416581
0.177484
0.097806
-0.0516232
-0.565427
-0.285232
-0.321751
0.785403
0.272752
-0.914613
-1.14417
0
0
0.244977
0.165147
0.0665671
-0
-0
-0
0.861912
0.81471
-0.785398
-0.463649
-1.5708
-0.785401
-0.588006
-0.785398
-0.486288
0.209434
0.953054
-0.136225
-0.633732
-0.554758
-0.473772
-0.620345
-0.661913
-0.755869
-0.766636
-0.725218
-0.862424
-0.923727
-0.462738
-1.54227
-1.09803
-1.05598
-1.17586
-1.22797
-1.034
0.913894
-1.14828
-1.23753
-1.24686
-1.22175
-1.50444
-1.12527
-0.346856
0.418276
0.952753
1.42242
1.04644
-1.11394
-0.623771
-1.28685
0.199053
-0.923148
1.30884
1.37223
1.5609
-1.5401
-1.55119
1.49058
1.28402
1.18521
1.26112
0.762832
1.16764
1.17375
1.11816
0.999441
0.945968
0.916887
0.275378
0.845839
0.691411
0.765079
0.816647
0.795
0.777448
0.811661
0.806291
0.618141
0.629701
0.925659
0.937471
0.978768
0.870479
0.55089
0.576129
1.10138
1.27964
0.596582
0.59201
-1.48927
-0.856118
-1.3549
1.27964
0
0
0.463648
0.32175
0.278298
0.244978
0.321751
0.463648
-0.56664
-0.336625
0.404888
0.620251
1.1659
-1.10715
-0.785398
-0.885065
-0.564905
-0.60562
-1.42207
1.53892
-1.32128
-0.822867
-0.607413
-0.75329
-0.743871
-0.751654
-0.689205
-0.696682
-0.885526
-0.859214
-0.661809
-0.564296
-1.40071
-0.890684
-1.04091
-1.25363
-1.20954
-1.18592
-1.35813
-1.38602
-1.38562
-1.40349
-1.4904
-1.36551
-1.28971
-1.272
-1.37245
-1.51813
-1.36526
-1.56841
0.987552
1.16607
1.55637
1.51295
1.31452
1.24834
1.48458
-1.5253
-1.55036
-1.49985
-0.972216
1.45358
1.29187
1.2524
1.19977
1.16694
1.25386
1.00973
0.527033
1.47867
0.916104
0.97034
0.889121
0.796349
0.772
0.830377
0.842713
0.848232
0.822415
0.398584
0.246909
0.732403
1.19986
1.3658
1.06145
0.704194
0.835468
1.45701
-1.56343
0.998622
0.908688
1.5325
-0.966919
-1.31036
-1.53958
0
0
-0.661045
-0.124353
0.286053
0.404892
0.110657
-0.244979
-8.21429e-06
-0.566649
0.463649
0.404891
0.321751
-0.321751
-0.404891
-0.620249
-0.676638
-1.06365
-1.49989
-1.55239
-1.31021
-0.621192
-0.587086
-0.920833
-0.835619
-0.697201
-0.634882
-0.750468
-0.946824
-0.878365
-0.788281
-0.879979
-0.998245
1.43815
-0.865428
-1.44786
-1.26199
-1.21704
-1.30508
-1.3215
-1.25004
-1.27319
-1.41455
-1.39828
-1.39927
-1.46913
-1.55057
1.54562
-1.43685
-1.44867
1.47819
1.43032
1.47104
1.57078
1.49439
0.230521
1.47321
1.28578
1.30496
1.22876
1.24919
1.27632
1.23671
1.19842
1.19569
1.15009
1.4602
-1.39382
-1.38298
1.05617
0.83365
0.859235
0.909057
0.905192
0.814341
0.766552
0.757387
0.738781
0.805523
0.520926
0.112321
-0.0934006
0.159259
1.0071
1.08139
0.791829
0.578842
1.24676
1.03038
1.01649
1.2444
-1.23471
-0.382321
-0.51847
0.522983
0
0
-0.244977
-0.141896
-0.0475823
-0.197395
-0.785398
-0.380506
-5.35705e-05
-0.493831
0.141896
-0.197396
-1.24905
1.24905
0
-0.540419
-0.896878
-1.38669
-1.51896
-1.20468
-0.626146
-0.148921
-0.301799
-0.86739
-0.785398
-0.688118
-0.746382
-0.895758
-0.949645
-0.879507
-0.872629
-0.940245
-0.991975
-1.07447
-0.958284
-0.227238
1.42196
-1.33337
-1.2791
-1.24421
-1.25737
-1.359
-1.40753
-1.37703
-1.39318
-1.40217
-1.42202
-1.46185
1.52573
1.43723
1.55368
-1.51432
1.53604
1.37668
1.36266
1.4658
1.43172
1.36081
1.33231
1.27894
1.26448
1.23212
1.08774
0.907038
0.992741
0.94785
0.943669
0.85701
1.00326
1.01323
0.952236
0.954799
0.889086
0.894057
0.89729
0.705601
0.700483
0.75444
0.837121
0.836395
0.551403
-0.169648
-0.225629
0.305426
0.793706
0.887568
-0.164911
1.42023
-0.321753
-0.124356
0.833253
1.07945
0.831229
0.0958487
-0.027645
0
0
1.50423
0.286049
-0.156604
-0.6435
-0.404892
0.197395
1.07907
-1.21508
1.16591
0.785398
0
0
-0.785398
-1.10715
1.52381
1.39535
-1.48
-0.852635
-0.502927
-0.406295
-0.542917
-0.785398
-0.611004
-0.564517
-0.726934
-0.863204
-0.794388
-0.82831
-0.905223
-0.938238
-0.939348
-0.994924
-1.0564
-1.02936
-0.940476
-0.554105
1.42481
-1.13401
-1.35367
-1.43726
-1.35781
-1.35918
-1.39687
-1.43361
-1.48412
-1.52985
-1.53557
-1.54231
-1.55922
1.5708
1.49004
1.40892
1.40795
1.48574
1.46543
1.3357
1.24539
1.21995
1.34765
1.50769
1.44201
0.883955
1.37645
1.19825
1.11253
1.0305
1.00388
0.977399
0.949626
1.00692
0.965478
0.893677
0.924837
0.812761
0.874147
0.95323
0.95212
0.899646
1.08957
0.976854
0.365903
0.204312
0.164546
0.345326
-0.576013
-0.96251
-0.0860092
-0.772937
1.09712
1.2857
1.04871
1.45827
-1.39313
0
0
-1.21202
0.876057
0.519146
0.620248
0.321751
0.0587559
0.31252
-1.4915
-1.3734
-1.03038
0
1.5708
-0
1.10715
1.00726
1.20705
-1.25977
-0.638565
-0.365051
-0.333555
-0.45247
-0.687475
-0.632973
-0.506336
-0.700631
-0.731545
-0.540017
-0.679462
-0.967648
-0.997088
-0.94684
-1.01905
-1.09104
-1.07198
-1.04088
-0.972754
-1.03487
-1.34973
-0.340234
0.948803
-1.46808
-1.41283
-1.3932
-1.42838
-1.50487
-1.56822
-1.51947
-1.47188
-1.50381
1.56651
1.40499
1.30434
1.39317
-1.54366
-1.5624
1.34081
1.14402
1.01466
1.3845
0.238671
0.803361
1.19567
1.13085
1.14025
1.16278
1.06735
1.02814
0.998619
0.973029
1.00728
1.07375
1.09627
1.00514
0.918425
0.998074
0.98866
0.938832
0.925239
1.24429
1.07465
0.45214
0.242441
0.241721
0.785407
-1.29971
-1.54352
0.729141
0.93326
-1.0288
1.00224
0.701312
0.883811
1.33034
0
0
-1.14417
1.03038
0.927295
1.344
1.03038
-0.32175
-0.316149
0.308097
-0.785398
-0.404892
0
1.5708
-0.197396
-0
-0.100569
-0.495313
0.500515
-0.126309
-0.191761
-0.158179
-0.155007
-0.501027
-0.949307
-0.870782
-0.918263
-0.698566
-0.447519
-0.658806
-1.24499
-1.12616
-0.937025
-0.989574
-1.0815
-1.1062
-1.11614
-1.09943
-1.15404
-1.2976
-1.24517
-1.13704
-1.18969
-1.13462
-1.34139
-1.23923
1.37713
1.27295
1.46093
-1.47439
-1.43897
-1.54431
1.30413
1.05421
1.38158
-0.580741
-0.396323
-1.13275
-1.48804
1.48314
1.35106
1.24235
1.19808
1.26258
1.20064
1.18466
1.20184
1.08824
1.01481
0.946173
0.88827
0.887563
0.979559
1.03737
0.901185
0.827121
0.998956
0.900982
0.513668
0.419005
0.858685
0.753142
0.404892
0.266253
0.150935
0.236457
1.10715
1.10715
0.763959
-0.576764
0.785389
-1.06544
-0.618397
-0.635851
-1.0637
0
0
1.24905
0.588005
0.702257
-1.3734
-0.588003
-0.54042
-0.253686
-0.161388
0
0
-0.141897
-0.785398
-0.785398
-1.1659
-1.0753
-1.21447
1.42724
0.711552
0.189793
-0.0334173
-0.227076
-0.814229
-1.27128
-0.72485
-0.614861
-0.484838
-0.436628
-0.88848
1.51166
-1.33395
-0.866252
-0.901652
-1.09913
-1.15047
-1.15569
-1.11496
-1.1344
-1.24733
-1.24068
-1.22466
-1.27772
-1.28031
-1.38128
-1.44957
-1.36086
-1.28563
-1.31457
-1.41129
1.5637
1.47185
-1.49148
-1.45472
1.44849
1.26641
1.36064
1.42314
1.3516
1.32532
1.31814
1.27061
1.22681
1.26436
1.24115
1.24258
1.25268
1.15351
1.0765
0.984147
0.897109
0.880425
0.981826
0.958952
0.732515
0.675074
0.943544
0.890503
0.314172
0.240831
0.524191
0.63297
0.418224
0.174673
-0.215194
-0.453843
-2.54311e-06
0.404892
1.09254
0.535945
1.24905
0.785398
0.618399
0.65002
1.10715
0
0
-0
-0.141897
-0.141897
0.463648
0.110657
0.321751
-0
-0.31478
0.785398
0.141896
-0.197396
-0.321751
0.785398
-1.57079
-1.23233
-1.22469
-1.44797
0.919143
0.187397
-0.0783209
-0.444485
-1.23927
-0.991744
0.0525828
0.268384
-0.0778636
-0.327349
-1.02532
1.28081
-1.24045
-0.718503
-0.951029
-1.1697
-1.18405
-1.15713
-1.07832
-1.07993
-1.17771
-1.23972
-1.28124
-1.29965
-1.30577
-1.3905
-1.44005
-1.40837
-1.40765
-1.45524
-1.4739
-1.50842
1.56792
1.53498
1.53089
1.47264
1.41608
1.42744
1.42043
1.37231
1.33091
1.33645
1.29888
1.22664
1.2421
1.24927
1.26259
1.28563
1.23587
1.1876
1.09825
0.981238
0.934
1.12978
1.10498
0.749083
0.800732
1.24084
1.29766
0.944209
0.944208
1.01234
0.73986
0.268093
-0.0540324
-0.519363
-0.519696
-0.248519
0.0744137
1.42296
-1.35674
1.32582
1.1659
1.09717
1.12332
1.29229
0
0
3.81468e-06
-0.566731
-0.785398
1.344
1.1659
0.32175
0.359971
-0.516301
-1.57079
0.321748
-0.463648
-0.197396
0.141896
0.785398
-1.24788
-0.972554
-0.815266
1.45998
-0.20855
-0.218274
-0.620328
-1.45655
-1.22179
-0.837764
-0.885588
-0.831053
-0.680661
-1.27403
1.26485
-0.694564
-0.881593
-1.32036
-1.15357
-1.09935
-1.08135
-1.03994
-1.04216
-1.11891
-1.25697
-1.32139
-1.29529
-1.31998
-1.40577
-1.44646
-1.43641
-1.45305
-1.47241
-1.47072
-1.50861
-1.56052
1.54942
1.52298
1.4634
1.41382
1.43415
1.43764
1.37882
1.33202
1.34118
1.31234
1.21542
1.20136
1.26518
1.27965
1.23724
1.23618
1.25966
1.16379
0.919372
0.715358
0.900994
0.993808
0.814442
0.932603
1.29586
1.4025
1.09934
1.03442
1.4669
1.37169
-0.116478
-0.410292
-0.866757
-0.673371
-0.28927
-0.0650272
0.288323
0.978992
0.588007
0.321753
0.273283
0.355226
0.566123
0
0
0.554417
-0.554419
-0.641023
-1.36181
0.0710846
0.0985139
-0.146572
1.17219
1.48013
1.57079
1.48014
1.24905
-0.785401
-0.785394
-1.4881
0.172865
-0.93879
-1.55575
0.867942
0.601859
-0.141436
1.2627
1.50429
-0.943601
-0.785398
-0.851968
-0.932389
-1.38827
-1.53172
-0.745219
-1.48501
1.34649
-0.964353
-0.800677
-0.899468
-1.08566
-1.03884
-1.1072
-1.24703
-1.31106
-1.30496
-1.33598
-1.41747
-1.45521
-1.4639
-1.48738
-1.41976
-1.41105
-1.5249
-1.57
1.54933
1.51774
1.44131
1.37165
1.45035
1.48334
1.36288
1.30759
1.30145
1.27627
1.20544
1.16344
1.24632
1.33722
1.30832
1.29633
1.36009
1.29188
1.15687
1.11503
0.982733
0.912322
0.981715
0.918393
1.01575
1.33913
1.14004
0.978903
-1.40639
-1.40918
1.17835
1.24236
1.34855
0.69614
0.269892
0.238719
0.643259
1.04375
0.926511
0.858299
0.65129
0.244423
-0.154339
0
0
1.57079
0.0710852
0.0355839
0.36384
0.581247
-0.211198
-0.609533
0.785402
0.785395
1.44644
-1.1659
-0.507098
1.24904
-0.785396
-0.980203
-0.0987584
1.0931
1.28725
1.11377
1.18812
0.251514
0.808574
1.3409
-0.32992
-0.174672
-0.463648
-1.19775
-1.46624
-1.19999
-0.841338
-1.44015
0.958879
-0.731735
-0.527348
-0.917567
-1.33456
-1.11312
-1.18145
-1.19046
-1.21445
-1.33429
-1.3025
-1.36174
-1.42783
-1.48397
-1.52972
-1.31802
-1.32027
-1.52918
1.55193
1.48843
1.47377
1.4419
1.40746
1.48045
1.48062
1.37161
1.27979
1.22378
1.21235
1.20381
1.2142
1.15888
1.19652
1.37456
1.46097
1.42179
1.1385
1.13474
1.43028
1.15229
0.85353
1.11994
1.03877
0.785566
1.0471
1.16431
1.15183
1.51919
1.53011
1.40272
-1.5412
-1.41476
1.21488
0.455003
0.300129
0.664097
1.02108
0.955696
1.02445
1.13953
0.93932
0.522053
0
0
-0
-0
-0
-0
-0
-0
-0.141898
0.540427
0.321753
0.982784
-0.426622
-0.36717
-0.982794
0.785398
0.620249
0.785398
0.785398
0.785398
-7.62945e-06
0.785403
0.507096
0.643497
-1.3734
-0.321754
-0.321752
-0.785398
1.48014
1.49402
-1.03038
-0.785398
-0.946319
0.971159
-0.588004
-0.370892
-1.05634
1.5405
-1.20682
-1.24905
-1.15176
-1.15687
-1.3597
-1.2598
-1.2925
-1.39409
-1.49949
-1.5708
-1.32968
-1.31487
-1.49785
1.55704
1.41648
1.40034
1.45654
1.51348
1.55763
1.48551
1.3464
1.2073
1.12773
1.13521
1.1353
1.22535
1.21065
0.988512
1.21203
-1.44644
1.44644
0.785398
0.726641
1.44644
1.04532
0.568099
0.939808
1.0044
0.855261
0.917952
1.12842
1.27934
1.44571
1.49709
1.51676
-1.13874
-0.851944
1.5396
0.311731
0.182163
0.205074
0.382635
0.316148
0.273025
0.550325
-0.0845984
-0.541673
0
0
0
0
0
0
0
0
0
0
0
0
0
0
0
0
0
0
0
0
0
0
0
0
0
0
0
0
0
0
0
0
0
0
0
0
0
0
0
0
0
0
0
0
0
0
0
0
0
0
0
0
0
0
0
0
0
0
0
0
0
0
0
0
0
0
0
0
0
0
0
0
0
0
0
0
0
0
0
0
0
0
0
0
0
0
0
0
0
0
0
0
0
0
0
0
