0
0
0
0
0
0
0
0
0
0
0
0
0
0
0
0
0
0
0
0
0
0
0
0
0
0
0
0
0
0
0
0
0
0
0
0
0
0
0
0
0
0
0
0
0
0
0
0
0
0
0
0
0
0
0
0
0
0
0
0
0
0
0
0
0
0
0
0
0
0
0
0
0
0
0
0
0
0
0
0
0
0
0
0
0
0
0
0
0
0
0
0
0
0
0
0
1.00002
3.00003
5.00002
7.00002
7.00002
4.99998
3.99997
3.99998
2.00002
-1.99998
-5
-6
-5
-3
-1
0
0
1
2
2.00002
3.00005
4.00005
3.00002
1
0
0
1
3
5
6
3.00002
-1.99995
-1.99997
1.99997
3.99994
3.99994
4.99995
6.99998
7.00002
5.00005
3.00005
2.00003
3.00005
4.00006
4.00006
5.00005
13
25
27
19
11
7.99995
8.99998
11
9.00003
2.00002
-3.00002
-4.00005
-2.00003
2.00003
5.00005
6
1.99995
-3.00005
-1
3.00003
6.00002
10
13
15
7
-7
-5
6.00002
10
8.00006
7.00006
11.0001
13
9.99997
7.99994
8.99995
10
9.00003
7.00002
5.00002
7.00003
13
15
13
11
9
9
0
0
2
5.00002
6.00005
7.00005
7.00002
6
8.99998
14
15
12
9
9
11
13
9.00003
-1.99997
-8
-7.00003
-6.00003
-6.00005
-5.00006
-3.00005
1
6.00005
7.00006
5.00006
5.00006
7.00006
9.00006
11
8.00003
4.57764e-05
-1.99997
1.99997
3.99994
3.99994
3.99994
3.99994
2.99995
0.999985
0
1.00002
3.00005
4.00003
3.99997
3.99994
6.99995
11
8.99997
3.99998
1
0.999985
4.99997
11
13
9.00003
4.00002
2.00002
3.00005
4.00003
2.99998
0
4.57764e-05
6.00005
10
9
7
4
1.52588e-05
-3.99998
-10
-14
-7.99998
1.00005
2.00003
-4.00003
-10.0001
-10
-7
-5.99997
-4.99998
-3
-2.00002
-3.00003
-4.00002
-5.00002
-3.00003
3.99998
6.99998
4.99995
2.99995
1.99997
1.99997
0
0
0.999985
3.99997
6.99998
6.99998
5.99997
5.99998
8
13
16
16
16
15
14
15
12
4
0
0
1.00002
2.00003
1.00002
1.00002
6.00003
12
13
11
9
9
11
13
11.5712
5.71359
1.28481
-0.715164
-1.71515
-1.71515
-1.71515
-1.71515
-0.715164
1.28481
2.28479
2.28479
2.28479
3.28477
5.28474
6.28474
1.71359
-7.42876
-13
-14
-12
-6.99997
-0.999985
4.99998
11
14
11
6.00005
3.00005
2
-3.05176e-05
-6.00002
-5.99998
2.00002
4.99997
3.99995
1.99998
-3
-8
-12
-11
-3
4
5.99998
2.99995
-4.00006
-10.0001
-12.0001
-11
-7.99998
-3.99998
-2
-2
-1
-1
-4.00002
-6.00002
-5.99998
-6.99998
-9
-10
-9
-8
0
0
-1.00002
0.999985
2.99995
3.99995
3.99998
3
-1
-5
-4
1
7
10
7.99998
3.99997
3.99997
7.99997
9.99998
11
13
15
16
15
14
15
14.9999
11.9999
7.99994
4.99994
3.99994
4.99995
6.57117
6.71355
4.28476
0.284821
-1.71515
-2.71516
-4.71519
-5.71521
-4.71521
-2.71521
-0.71521
0.284775
0.28476
1.28477
2.28479
3.28479
-1.28641
-12.4288
-17
-15
-12
-7
-2
1
4.99998
8.99997
8
4.00003
2
1.99997
0.999985
-2.00002
-7.00005
-11
-11
-7
-2
0.999985
2.99995
3.99995
9.99998
20
20
14
11
10
10
8.00002
4.99998
3.99997
5.99998
10
12
12
11
9.00005
4.00005
-4.99998
-11
-12
-11
-9
-6
0
0
-5.00003
-2.99998
-0.999985
0
-1
-3
-7
-12
-10
-1
6.99998
11
9.99995
4.99998
2
2.99998
3.99998
4.00003
4.00003
4.99997
7.99994
9.99994
9.99995
9.99998
8
4
1.52588e-05
-2.99995
-3.99994
-3.99994
-1.99997
1.99997
2.99995
0.999985
-1.00002
-4.00005
-7.00006
-9.00006
-10
-9.00002
-7
-5.00002
-3.00003
-2
-1.99997
-1.99998
-3.00002
-4.00005
-3.00005
0
3.00002
2.99998
0.999985
0
-1
-2.99998
-4.99998
-6.00003
-2.00006
4.99995
8.99998
10
4.00002
-6.00002
-8
-2.99995
3.00006
8.00005
10
10
14
18
12
4
5
12
17
17
13
7.99997
6.99998
9
11
11
9
8.00005
5.00003
-1.52588e-05
-1.00002
0
1.00002
4.00003
8.00002
0
0
-5.00002
-2.99998
-0.999985
-1
-3
-4
-3
-1
3
10
16
18
16
13
6.00002
-4.99997
-9.99998
-11
-12
-12
-11
-8.99997
-4.99997
1.52588e-05
0
-3
-5
-7
-9
-11
-9
-3
0
-1.00002
-4.00005
-7.00005
-9.00002
-11
-10
-6
-4
-4
-4.00002
-4.00002
-2.99998
-1.99998
1
8
13
15
15
11
5
0
-4.99998
-9.99997
-12
-10
-4.00005
3.99998
9.99998
13
14
13
13
13
10
6
1.00002
-2.99997
-2.99998
-2.99998
-8.99997
-16
-12
0.999985
9.99997
11
6.00002
-0.999969
-3.99998
-4
-4
-3.99998
-4.99998
-7.00003
-5.00003
2.00003
7.00006
8.00006
8.00005
10
14
0
0
9
11
12
11
7
0
-3
3
8
3
-4
-2
5
5
-3.5712
-10.7136
-9.28479
-4.28479
-3.28477
-6.28474
-10.2847
-11.2847
-12.2848
-17.2847
-16.2847
-3.28477
11.7152
12.7152
0.715179
-6.28485
-3.71362
-1.57118
-2.99998
-6.00003
-9.00005
-7.00002
-1
5.00002
12
17
16
11
5.00003
0
-4.00003
-7.00002
-7
-4
-1
-2.00002
-7.00003
-11
-11
-8.99997
-7.99998
-6
1
9
10
4
-2.99998
-6.99998
-5.00002
-1.52588e-05
1.99998
4.99995
9.99994
8.99995
2
-2.99998
-6.00002
-10
-12
-14
-17
-17
-14
-8.99998
-4.99995
-4.99995
-9.99998
-18
-18
-7
-1.00002
-5.00005
-8.00005
-8.00002
-8
-8
-8.00002
-8.00003
-8
0
0
9
7.99997
8.99998
10
7
0
-3
2
4
-4
-13
-13
-6
-4
-7.57121
-5.71361
1.71523
7.71523
7.71523
2.71524
-1.28477
-0.284805
-2.28482
-11.2848
-11.2848
1.71521
13.7152
14.7152
7.71519
4.71521
6.28641
4.4288
1
0
1
4
9.00002
14
16
16
16
15
11
4.00002
-3.00002
-7.00002
-6.99998
-3.99997
-1.99998
-3.99998
-6.99995
-7.99994
-6.99995
-2.99998
-1.52588e-05
-3.05176e-05
4
9.00003
7.00002
0
-6
-9
-10
-10
-10
-6
1
3
1
1
2
1.99998
4.99997
8.99998
6
-2
-5
-1
3.99998
6.99997
3.99998
-6
-10
-5.00002
-4.00003
-6.00002
-7.00002
-11
-15.0001
-15.0001
-13
-13
-15
0
0
-1
-3
-4
-3
-1
1
3
3
1
0
0
-2
-6
-6.99998
-2.99995
3.00005
7
7.99995
6.99994
4.99994
4.99994
6.99995
8.99997
11
10.9999
5.99997
-1.00002
-2.00006
3.99995
10
9.42879
5.28638
4.71518
7.71519
11.7152
11.7152
6.71526
1.71526
-4.28477
-8.28479
-4.28479
1.71519
2.71518
-1.28482
-5.28484
-5.28484
-1.28479
2.71526
3.71526
4.71524
5.71526
5.71527
4.71524
2.71519
1.71521
-0.284775
-5.28481
-9.28479
-10.2848
-8.28477
-3.28481
2.71518
6.28639
5.42882
2.00005
-2.99995
-6.99998
-7.99998
-6.99998
-4.00002
0.999985
6
10
16
21
21
19
16
13
13
16
17
10
-3
-12
-12
-6.99998
-2
0
0
0
0
0
0
0
-2.99997
-3.99998
-4
-3
-1
1
3
2
-2
-3
-1
-2
-7
-10
-5
2.99998
4.99997
3.99998
4.99998
6.99995
6.99995
4.99998
5.99998
9.99995
9.99994
2.99994
-5.00003
-4.99998
4.00002
12
8.42877
-0.713608
-2.28481
1.71518
4.71519
4.71523
1.71524
-1.28477
-5.28481
-9.28481
-7.28477
-2.28477
-1.28481
-5.28482
-9.28481
-9.28481
-9.28484
-12.2849
-14.2849
-13.2849
-11.2849
-10.2849
-10.2849
-11.2848
-7.28476
1.71524
1.71523
-5.28481
-9.28479
-10.2847
-9.28473
-5.28473
2.28645
8.42882
7
1
-3
-3.99998
-2.99997
3.05176e-05
3.05176e-05
-4.99998
-6
-1
3
4
2
-2
-2
5.00002
14
18
13
3
-2
0
3
5
7
8
8.00002
8.00003
7
0
0
-3.99998
-3.99998
-4
-4
-3
-1
1
0
-5
-6
-2
-2
-5.99998
-6.99998
-4.00002
-1.00002
0
0
0
0
0
0
0.999985
3.99998
5.00002
-1
-9.00002
-7.99998
1.00002
5.99998
2.14418
-4.56738
-6.42316
-4.42316
-3.42316
-3.42319
-3.42325
-3.42328
-4.42325
-6.4232
-6.4232
-5.4232
-6.4232
-7.4232
-7.42314
-7.42311
-10.5674
-15.8558
-17
-15
-14
-15.0001
-16
-16
-9.00005
3.99995
6.99998
-3.05176e-05
-7.00008
-12.0001
-14.0001
-13.0001
-7.00005
1.99997
4.99995
2.99995
0.999985
0.999985
3.99997
6.99998
2
-9
-12
-8.99997
-7.99998
-8
-8
-8.99998
-8.99997
-3.99998
2
5
7
8.00002
9.00002
13
15
11
9.00002
12
14
13
12
0
0
-4.00003
-3.99998
-3.99998
-4
-2
2
2
-3
-6.99998
-5.99997
-1.99998
-1.99998
-5.99997
-4.99997
-1.99997
-3.99997
-4.99997
-3.99998
-4.99998
-6.99995
-6.99995
-4.99998
-3.99998
-2.99997
-1.99997
-4.99995
-9.99995
-9.99998
-5
-1.99998
-2.85576
-4.56737
-6.4232
-7.42322
-8.42322
-9.42323
-8.42326
-7.42328
-5.42325
-3.42322
-8.42322
-16.4232
-17.4232
-11.4232
-5.42316
-5.42316
-8.56737
-8.85577
-6.99995
-3.99995
-1.99997
-2.99995
-4.99995
-7.00002
-7.00006
-4.00003
-2.00002
-4.00003
-8.00003
-11
-12.0001
-12.0001
-11
-9.00002
-6.99998
-3.99997
1.52588e-05
2.99998
3.99995
3.99994
1.99995
-1.00002
-1.99998
-2.99997
-2.99998
-1
1
3
1
-6.00002
-11
-10
-3
6
11
12
10
6
5.00002
7.00003
8
7.99997
7.99998
0
0
-3.00002
-4.99997
-5.99995
-3.99998
0
3
1
-6
-10
-7
-2
-0.999985
-2.99998
-2
-1.00002
-5.00005
-8.00002
-7.99995
-7.99995
-7.99998
-7.99998
-7.99997
-8.99997
-9.99998
-8
-6.99998
-10
-11
-7.99998
-6.99997
-6.99997
-2.99998
-2.00002
-6.00005
-9.00005
-9.00002
-6
-3
2
4.00002
-7.99997
-23
-24
-13
-4.00002
-5.00005
-6.85585
-2.56741
0.576828
1.57683
3.57681
4.57683
3.57684
0.576859
-6.42314
-14.4232
-15.4232
-11.4231
-7.42311
-3.42311
-1.42313
-2.56732
-7.85574
-15
-15
-8
-2
0
-0.999985
-3.99997
-2.99998
3
2.99998
-2.00002
-2.99998
1.52588e-05
4
8.99998
8.99997
-1.00002
-11
-14
-11
-4.99998
-2
-5
-8
-6
-3
-1
1
2
0
0
0
-1.00002
-3.00002
-3.99998
-2.99998
-1
0
-1
-4
-7.00002
-6.00003
-2.00002
0
0
0.999985
-3.05176e-05
-5.00005
-8.00006
-8.00003
-8.00003
-8.00009
-8.00009
-8.00002
-8.99995
-9.99994
-7.99995
-5.99998
-6.00002
-4.78752
-4.575
-8.78749
-9.00002
-1.00002
2.00002
-2.99997
-5.99995
-3.99995
1.52588e-05
4.29041
7.87122
4.59044
-7.55196
-19.1232
-20.1232
-11.1232
-4.12318
-5.12321
-6.979
-5.69057
-4.54636
-4.54634
-4.54633
-4.54633
-4.54633
-5.12132
-10.6963
-19.6964
-21.4156
-14.279
-5.42316
0.576828
3.5768
4.57678
-3.13861
-16.5694
-18.2848
-11.2848
-7.28479
-6.28476
-6.71356
-9.1424
-9.14243
-5.14243
-5.14244
-8.57124
-11
-10
-5
0
3
1
-7
-14
-14
-10
-9.99998
-17
-20
-12
-5.00002
-4.00002
-3.99998
-4.99998
-7
0
0
3.00005
1.00002
-0.999985
-3.99995
-7.99994
-10.9999
-8.99995
-0.999985
5.00002
2.00003
-6.99998
-12
-8.00003
-3.00003
-2.00003
-1.00002
-1.00002
-2.00003
0.29039
3.87122
3.3058
-1.40582
-9.26161
-16.2616
-14.552
-7.13281
-3.92609
-9.50687
-18.5848
-22.0098
-12.2203
1.20869
2.42319
-0.576828
1.85776
5.72697
4.59039
0.950897
-5.61452
-13.0395
-8.1078
-0.460678
-3.52899
-8.2406
-5.806
-0.225174
1.91904
-3.37338
-16.0225
-23.0283
-17.5312
-13.5312
-17.6754
-17.7513
-10.1118
-4.6848
-4.40399
-6.0511
-9.552
-13.4096
-13.273
-8.85381
-7.64148
-12.2129
-14.287
-11.5754
-8.21667
-8.21088
-11.8522
-11.9964
-6.99641
-2.9964
-1.9964
-3.14061
-5.28481
-7.28476
-8.71355
-9.57118
-6.5712
-4.71359
-10.2848
-7.28481
3.71516
3.71515
-1.28485
1.71516
7.28641
10.4288
13
12
6.99998
2
-1
0
0
4.00006
3.00005
3.05176e-05
-3.99995
-7.99994
-10.9999
-9.99995
-3.99997
2.00003
1.52588e-05
-9
-13
-9.00003
-7.00002
-5
2.00002
5.00005
4.00006
5.29047
7.87128
7.30586
1.59421
-3.26164
-4.26164
-5.552
-6.13278
-5.92607
-10.7194
-16.5848
-15.3723
-8.65106
-3.3587
-1.70963
-1.1288
-6.40959
-20.0491
-32.5424
-37.3982
-35.1877
-24.1118
-5.38681
6.04782
-0.663773
-14.5879
-18.7246
-10.7928
-1.79277
-2.2236
-12.0852
-21.5161
-22.5161
-17.091
-11.3131
-6.60152
-3.38699
-2.46291
-1.75131
-1.53679
-2.39439
-4.39819
-7.54814
-9.69812
-5.34726
3.29201
4.64871
0.722794
-3.99065
-10.279
-13.9944
-9.56557
0.434448
6.43446
7.43448
7.86325
8.14781
4.85941
0.286407
-1.5712
-0.571213
-0.713608
-4.28477
-0.284775
6.71521
2.71519
-2.28484
2.71515
9.28636
9.4288
8.00003
8
5.99997
1.99998
0
0
0
0
0
0
0
0
0
-1.99998
-4.99995
-4.99997
-4.00002
-3.00002
-2
-4
-7
-3.42877
4.71367
7.28487
5.28484
2.42322
-1.29999
-4.16161
-5.16162
0.838394
7.83841
1.1288
-8.29039
-5.99997
1.57503
6.15002
7.575
-2.13663
-18.4098
-17.0435
-6.96555
-11.3242
-26.7608
-34.0455
-26.0396
-19.0358
-17.8158
-10.6678
-0.0948029
5.33401
6.909
12.9128
26.1954
36.3396
41.4858
49.5541
49.2695
34.7724
25.7724
27.7724
23.7724
7.26949
-8.95261
-15.816
-16.9603
-14.7478
-10.1823
-5.32651
-2.67741
-1.24841
1.17101
0.235519
-4.04907
-9.48367
-13.3529
-10
-0.144196
7.8558
9.1442
8.28839
9.43259
10.4326
9.14415
6.42876
3.28639
2.28639
3.42879
3.00002
-0.999985
-6.99998
-9.99997
-11
-15
-17
-14
-12
-12
-10.9999
-9.99995
-8.99997
0
0
3.99994
3.99994
3.99994
3.99994
3.99994
3.99994
1.99997
-0.999985
-0.999985
1
2
1
-1
-3
-1.42879
4.71362
8.28479
6.28476
2.42319
-1.29999
-4.16161
-5.16161
-6.16158
-11.1616
-17.8712
-16.2904
-3.4971
9.58078
12.7308
10.3778
4.09505
-5.68102
-8.88971
-5.82343
0.464966
9.83128
21.1197
34.4764
38.761
37.0456
55.1898
91.6907
127.907
159.482
188.694
214.62
222.049
216.624
225.774
235.349
223.349
201.78
178.926
149.926
117.492
88.9128
61.057
28.4896
-1.72868
-17.7325
-19.6584
-15.4439
-12.1649
-12.4589
-11.4645
-8.11539
-5.98079
-3.98659
-0.425003
3.56738
4.5674
1.8558
0.999985
1.99997
0.999985
0
-1.5712
-5.71358
-8.71355
-6.57115
-1.99998
-1.99998
-5.99995
-6.99994
-4.99995
-4.99997
-6.99997
-8
-8.00003
-9.00002
-10
-9
-6.99998
0
0
5.71515
5.71515
5.71515
5.71515
5.71515
5.71515
4.71515
2.71515
1.71518
2.71524
3.71526
3.71523
3.71519
2.71516
1.28636
0.428787
0
0
-1.00002
-3.00005
-4.14424
-4.4326
-7.43259
-14.1442
-16.8558
-9.5674
2.07965
7.08543
2.16338
-5.47028
0.178635
13.1121
7.11963
-5.16693
5.11769
37.7648
76.1253
105.414
145.267
206.049
255.121
292.193
328.053
354.125
370.618
381.899
380.19
370.061
375.642
387.351
387.061
378.917
365.772
348.56
320.347
281.351
245.858
208.86
162.644
110.357
56.2166
10.0003
-11.5823
-8.1629
-2.45514
-1.82146
1.03056
5.3134
2.80293
-6.70958
-14.1442
-15.4326
-13.9355
-13.6529
-13.8674
-13.579
-12.9319
-12.9261
-14.5674
-13.8558
-9.00005
-5.00005
-3.99997
-0.999954
7
12
8.99995
3.99998
1
0
-1.00002
-2.00003
-1.00002
0
0
-2.28479
-2.28479
-2.28479
-2.28479
-2.28479
-2.28479
-1.28481
0.715164
2.71516
3.71521
3.71526
3.71526
2.71521
1.71516
-0.713654
-5.57124
-8.00002
-7.00002
-6.00006
-6.00009
-5.14426
-4.43262
-1.43263
3.85577
5.14423
5.07973
3.51808
-4.82903
-16.8915
-24.1021
-22.5975
-18.8745
-10.4381
18.9224
78.0628
158.344
236.628
291.989
332.49
365.412
372.765
357.842
334.774
305.343
271.418
239.063
221.991
221.56
224.628
230.484
244.127
261.055
281.127
307.702
331.421
345.572
355.573
359.067
342.205
292.209
210.784
122.499
59.8581
27.2072
2.76299
-17.6033
-23.2522
-18.1136
-13.6145
-16.7645
-22.4212
-22.2884
-19.9355
-17.6529
-13.8674
-10.579
-9.93192
-9.92613
-10.5675
-11.8559
-8.00008
-2.00003
0.999985
6.99997
17
21
17
13
11
8.00002
4.00003
1.00002
0
0
0
-7.99994
-7.99994
-7.99994
-7.99994
-7.99994
-7.99994
-6.99994
-4.99994
-2.99995
-0.999985
1.00002
2.00003
1.00002
-0.999985
-5.57118
-11.7136
-13.2849
-11.2849
-8.14249
-3.85762
-0.715179
-0.286392
1.57118
7.14418
7.93552
2.01724
-5.47226
-12.7493
-14.7455
-4.96005
10.0476
32.2715
86.0609
171.495
257.926
319.347
348.556
355.272
326.131
259.7
200.769
151.983
98.1235
48.1235
0.345604
-44.6506
-62.2294
-51.812
-48.2408
-45.66
-29.5138
-11.9484
9.83328
44.6929
99.6929
164.621
214.408
255.122
291.763
309.266
301.125
277.482
235.626
169.558
99.9168
37.5563
-6.95039
-22.96
-19.8234
-14.3243
-13.6906
-12.704
-9.06448
-3.34709
1.86742
4.57906
4.93198
3.92616
1.56741
0.855804
5.00008
7.00008
5.99998
8.99995
15
17
14
11
7.99998
3.99997
-1.52588e-05
-3
-4.00002
0
0
-8
-8
-8
-8
-8
-8
-8
-8
-6.99998
-3.99997
-2
-3.00005
-4.00003
-4.99997
-7.57115
-10.7136
-12.2848
-11.2848
-8.14238
-3.85756
-1.71516
-1.28639
-1.4288
-4.28079
-7.98279
-9.5444
-11.1118
-11.8215
0.258118
27.6264
88.2052
187.492
278.133
338.061
352.989
302.845
207.985
112.266
39.4802
-13.0832
-48.2274
-73.0966
-88.1725
-91.8138
-93.1725
-97.5312
-99.0321
-97.0339
-98.5348
-95.5348
-87.1098
-87.7569
-94.829
-91.829
-71.8973
-46.4647
-21.7475
17.1842
80.1179
161.693
249.05
322.553
353.122
324.761
250.837
156.127
73.1994
22.7648
0.113922
-8.10617
-9.53876
-4.11755
3.01521
6.79707
8.86739
10.579
11.9319
11.9261
11.5674
11.8559
12
11
8.99997
7.99997
7.99997
6.99997
5.99995
4.99995
1.99998
-1.00002
-3.00003
-5.00002
-7.00002
0
0
-3.00005
-3.00005
-1.00002
-1.00002
-4.00006
-8.00009
-11.0001
-12.0001
-13.0001
-15.0001
-16.0001
-15
-11
-4.99997
0.144211
1.4326
-2.42316
-6.42311
-9.13852
-8.56938
0.00558472
9.15761
9.01923
-4.12119
-23.402
-29.1819
-16.0301
6.69095
53.0532
133.133
228.636
309.063
334.131
282.338
171.55
53.9869
-32.7265
-94.8082
-122.028
-111.455
-100.599
-93.8176
-81.1022
-68.3185
-59.6848
-47.7607
-32.6886
-30.9031
-37.3339
-36.9089
-17.6964
-3.40601
-19.1877
-39.0473
-52.1156
-65.681
-71.2502
-66.1781
-51.9618
-10.958
67.1862
144.549
212.412
281.771
309.845
287.989
234.772
155.416
75.6282
26.4023
8.32266
-1.39456
-8.83098
-11.4799
-9.69997
-3.70963
1.57115
2.71358
2.71361
3.57121
3.99997
2.99995
-1.52588e-05
-4
-7.99998
-9.99997
-7.99997
-2.99997
3.00002
8.99998
16
21
18
0
0
5.00005
5.00005
7.00002
8
7.00002
4.00003
-0.999985
-6
-10
-14
-15
-12
-6.99997
-0.855774
2.43263
2.72104
2.86523
-0.278976
-7.9944
-12.8464
-7.83679
0.956512
-1.10979
-7.39441
-1.89352
8.96791
34.6168
101.268
202.7
302.558
327.698
249.763
131.831
6.1878
-101.459
-143.323
-121.04
-77.4667
-53.7551
-59.1935
-65.1973
-50.9069
-39.3357
-38.9145
-45.6337
-72.6337
-103.489
-105.345
-78.0607
-42.6357
-26.6357
-61.0607
-111.273
-103.273
-50.2732
-19.2011
-25.0569
-41.2656
-63.1176
-88.6888
-91.9734
-71.1138
-22.4591
73.1994
195.776
302.061
342.772
296.628
200.271
112.055
54.761
15.038
-10.6792
-21.1118
-19.404
-13.4116
-11.5654
-11.4288
-9.85762
-8.4288
-7.99998
-6.99997
-5.99998
-7.99998
-9.99997
-6.99998
-3
-1
4
12
19
22
18
0
0
0
0
0.999985
3.99997
7.00002
8.00006
7.00002
4.99995
3.99995
3.99998
4
4
3.99998
4.14417
0.288376
-2.71162
3.43254
4.57674
-3.70404
-10.2656
-15.2617
-17.7608
-17.4667
-8.74171
19.2659
64.7706
139.271
244.628
316.628
296.628
182.981
30.3302
-76.1024
-110.888
-92.8917
-60.8292
-47.2638
-38.5522
-27.6964
-31.8406
-45.129
-56.4174
-78.4933
-85.2125
-40
4.92789
-1.14422
-35.0721
-74
-90
-74.8558
-63.5674
-67.4232
-72.4232
-92.4232
-126.994
-120.137
-66.133
-21.4859
-28.4138
-73.2696
-95.6966
-93.9015
-87.816
-33.241
76.4744
189.266
260.913
261.702
191.564
102.133
45.0552
13.4764
-5.60915
-8.68884
-6.40021
-10.0453
-15.4078
-15.8424
-13.2808
-11
-8
-3.99997
-0.999985
0.999985
3.99997
7.99997
9.99997
8.99998
7
4
1
0
0
0
-12.0001
-12.0001
-11
-8
-4.99998
-3.00002
-3.05176e-05
2.99995
3.99995
3.99998
4
4
3.99998
3.99995
1.99994
0.999939
3.14415
1.43259
0.223923
2.73064
-2.12137
-12.9696
-11.387
10.0514
56.8427
147.199
255.271
300.846
228.987
75.9773
-56.8861
-104.25
-81.6205
-35.556
-5.9848
-18.9848
-63.8444
-103.564
-120.636
-114.061
-88.2049
-66.0683
-59
-44
6.92788
86.7837
142.784
132.928
62
-22
-43.8558
28.4326
118.577
114.577
29.5768
-33.4232
-37.4232
-24.279
-28.9906
-51.8464
-73.4176
-67.2033
-59.5582
-91.9053
-130.822
-122.387
-42.5236
91.9831
210.199
248.275
207.069
133.712
68.059
21.0455
-1.89375
-4.68303
-5.10979
-11.4702
-15.3395
-11.2808
-8.00003
-8.00006
-7.00002
-4.99995
-3.99994
-3.99994
4.57764e-05
8.00002
10
6
3
2
2.99998
0
0
-7.42319
-8.42317
-9.4232
-8.42322
-6.42323
-3.42325
-0.423218
0.576828
0.576843
0.576843
0.576843
0.576843
0.576843
0.432632
1.64133
3.34714
0.202942
-5.29037
-2.07028
4.93732
-1.54845
-14.5333
-7.66805
49.9771
169.118
285.114
297.829
186.478
29.8389
-83.9562
-111.114
-75.4839
-48.6377
-60.429
-92.5732
-107.573
-84.5732
-48.5732
-19.7174
11.9942
42.6375
66.2125
104
124
70
2.28882e-05
4.57123
66.7136
106.072
78.6473
10.4348
-16.5652
25.579
53.8674
82.0116
145.012
136.44
42.298
-44.2732
-76.2011
-65.0569
-46.8406
-43.6964
-57.3377
-74.9031
-91.4667
-96.3187
-52.387
61.0494
201.989
275.347
243.344
164.416
82.7744
19.2639
-10.8995
-15.4821
-10.2714
-4.63574
0.144165
-3.05176e-05
-3.00005
-5.00005
-8.00003
-11
-13
-12
-8
-8
-11
-12
-12
-12
0
0
7.57681
4.5768
1.57681
0.576797
1.5768
3.57683
3.57684
1.57684
0.576843
0.576843
0.576843
0.576843
0.576843
0.432632
4.21252
8.06075
1.77234
-5.71721
-3.77412
-2.55223
-5.33032
9.60904
59.6167
147.262
237.474
236.617
106.759
-47.0323
-110.896
-93.26
-68.9868
-69.6377
-77.2107
-78.8558
-59
-3.00002
62.3567
96.0701
103.283
107.994
95.6375
65.2125
60
62
12
-45
-37.4288
0.7136
19.9281
37.3589
45.1464
14.1464
-28.7094
-56.421
-54.1326
-29.9884
-21.5596
-21.8462
9.36631
63.3663
75.5826
22.5143
-45.0549
-70.4116
-46.0549
-23.4098
-49.833
-92.4687
-70.8861
27.2677
147.556
230.41
229.981
161.48
73.186
5.3168
-17.837
-10.56
-0.774277
2.4422
2.43457
-3.05176e-05
-4.00006
-8.00009
-12.0001
-15.0001
-18
-23
-27
-28
-28
-28
-27
0
0
9.99998
5.99995
2.99995
0.999985
0
0
-0.999985
-2.99995
-3.99995
-3.99998
-4
-4
-3.99998
-4.14417
-3.86137
-2.86319
-2.8632
0.429001
7.51251
9.019
24.8784
87.9543
190.032
252.683
188.546
25.0456
-123.247
-163.685
-110.123
-57.7002
-56.0645
-77.6471
-76.6509
-29.9317
49
106
97
39
-13
-27
-17.7875
-14.3625
-25.15
-32.15
-17.15
14.7058
22.2049
-10.3643
-23.721
27.1348
85.1348
67.1348
4.13483
-16.8652
-23.721
-66.4326
-83.1442
-48
7.07207
48.1442
40.2163
2.28841
-16.8558
-12.8558
-14.5674
-21.5636
-36.7002
-66.6205
-84.6129
-73.962
-10.3111
104.833
193.326
206.96
151.888
72.3188
21.9525
6.01122
2.08154
-3.62982
-6.56532
-5.99995
-6.99998
-6.99998
-4.99995
-3.99995
-7.99998
-16
-19
-17
-16
-16
-14
0
0
-0.999985
-3.99995
-7.14415
-9.28838
-11.1442
-12
-9.99998
-5.99995
-3.99995
-3.99998
-4
-4
-3.99998
-3.99995
-9.64127
-17.4951
-11.8442
5.66632
18.8143
26.7478
60.5371
142.25
236.539
241.258
101.901
-64.2466
-121.47
-78.8386
-19.8462
8.22211
32.2183
54.5674
31.9924
3.06828
8.00001
12
2.00002
3.00001
19
22
9.2125
-0.362488
-12.15
-9.14999
29.85
47.7058
13.2049
-18.3643
-17.5768
8.4232
30.4232
18.4232
1.5674
19.7116
49.5674
50.5674
34.8558
20
-5.00001
-46
-69.1442
-32.2884
48.8558
96
61.1442
-2.56739
-45.5636
-71.7002
-81.5522
-74.3359
-56.9734
-8.39259
90.8978
177.254
180.04
121.537
61.2487
25.9603
5.94688
-7.99437
-11.2827
-7.85574
-4.99994
-1.99997
3.57118
8.71358
8.71359
5.5712
4
5.00002
7.00003
9.00002
11
0
0
5.06071
8.63573
6.56944
1.00601
-3.41521
-6.98257
-8.12875
-5.70958
-3.14421
-1.43263
-0.576843
-0.432632
-0.853806
-1.98457
4.31342
4.04018
-11.7339
-13.4397
-10.935
4.6418
87.4994
193.063
198.841
96.6889
1.46501
-19.6147
16.5922
45.6587
29.5828
4.72321
34.7232
113.723
134.936
52.3607
-42.4268
-65.4268
-42.4268
-14.4268
12.9299
21.6433
2.00001
-31
-57
-52
-9.99998
7.1442
-28.5674
-51.4232
-25.4232
-3.42319
-16.4232
-22.4232
-14.279
-6.13483
1.72099
8.86141
21.0018
25.4288
-4.07207
-28.2163
-1.43264
36.3511
49.4953
38.8558
11
-20
-40.8558
-51.5674
-56.4953
-52.7799
-51.6982
-51.5386
-8.45111
86.344
165.699
168.625
121.488
66.1351
19.4063
2.17079
-0.696381
-4.84819
-1.78751
6.20491
11.2011
11.129
7.1328
1.4971
-2.71359
-5.28479
-4.07228
1.20853
5.13261
0
0
9.63191
15.3493
15.4272
9.86557
4.58473
0.728943
-2.27301
-3.70959
-3.14421
-1.43263
-0.576843
-0.432632
-1.425
-3.33949
0.461395
4.33441
-2.29929
-14.0129
-10.7228
50.784
155.215
191.065
91.336
-42.3908
-73.7589
-25.3395
17.4404
15.5087
-18.6297
-37.696
-30.9864
-6.27679
38.9357
67.3607
40.5732
-19.4268
-63.4268
-66.4268
-37.0701
6.64332
43
51
17
-46
-78
-50.8558
-32.5674
-43.4232
-15.279
2.8652
-29.1348
-30.1348
-1.8502
2.8632
-13.708
-21.8522
-12.5694
-1.57118
-8.07211
0.783691
41.7116
42.6395
-14.5047
-56.4326
-42.1442
3.99999
58
90
61
-11.1404
-62.4174
-69.1877
-47.3147
20.6266
129.061
194.702
173.7
105.699
42.6927
10.038
-2.18585
-6.19344
-3.77986
-2.72296
-6.51422
-7.65663
-5.58078
-7.0741
-9.56938
-9.85219
-8.63971
-6.50308
-4.22607
0
0
-3.42879
-1.28638
0.713608
0.571198
-0.144211
-0.288422
-1.14423
-3.00005
-4.00005
-4.00002
-3.5654
-2.84041
-3.55583
-4.84824
-13.5598
-11.2656
15.0266
25.9563
59.8159
163.677
219.68
126.607
-8.46468
-62.5406
-60.7665
-48.9203
-38.3549
-38.427
-40.4212
-27.1308
-37.7058
-103.353
-115.212
5
119
103
49
44
34
-2.00002
-12
12
23
-22
-94
-115
-51
36
50.573
-2.42519
-46.9964
-32.9964
12.8594
20.7152
-0.284813
-5.71362
-5.49912
-0.783722
10.2884
14.2884
15.2884
0.216339
-29.0721
-28.4326
-1.5768
21.4232
55.5674
90.8558
77.1442
22.3605
-26.7078
-54.4156
-68.5542
-58.835
21.89
140.9
182.831
140.042
78.9639
25.4534
-1.62631
-3.48387
-3.48766
-12.4232
-22.8558
-17
-0.999969
5
4.14417
4.43257
3.43259
2.28841
3.21632
0
0
-3.99998
-2.99997
-0.999985
0
0
0
-1.00002
-3.00005
-4.00005
-4.00002
-3.5654
-3.41161
-4.05493
-4.63574
-5.70602
2.58997
25.8822
64.5255
136.452
204.807
174.734
46.5219
-47.6223
-54.5578
-51.0645
-50.0703
-26.8578
-2.42701
3.2884
-7.7116
4.21629
26.0721
1
-27
-22
-2.99998
20
5.99998
-49
-94
-108
-74
15
96
106
68
51
54
25.4288
-14.7136
-26.2848
-18.2848
-7.71361
2.42879
8
2.99999
-1.92792
3.21629
7.28841
0.288399
-1.71161
-2.78371
-10.9279
1.8558
15.5674
-11.5768
-49.4326
-57.1442
-40.8558
-8.56739
1.64891
-42.9223
-93.706
-109.915
-65.1196
41.1784
132.685
151.757
116.681
68.8141
30.0911
6.80267
-0.626099
-2.34529
-3.9241
3.0721
10.4288
6.85756
3.42874
3.99995
3.99998
4
3.64711
0
0
0
-1.00002
-2.00003
-2.00002
-2.99998
-2.99997
-1.99998
-3
-4
-4
-4
-4.57118
-5.13857
-4.9906
-1.69843
1.16879
17.1005
91.5976
189.453
182.88
56.8083
-52.4042
-79.6926
-75.1973
-63.0549
-36.4116
2.08549
41.0797
65.8614
71.146
63.7893
55.6451
26.1422
-57.5732
-137.573
-133.573
-79.5732
-44.5732
-33.5732
-27.5732
-26.5732
-27.5732
-6.57321
42.4268
84.4268
94.4268
54.4989
-20.3569
-58.7136
-46.5712
-23
-15
-22.9279
-20.7837
-7.7116
0.288414
1.21632
-0.927887
-3.99998
-16
-21.8558
-4.71162
0.144196
-6.07209
12.3529
20.4192
-7.50872
-39.5029
-56.5712
-56.5694
-52.5618
-56.4839
-47.556
-30.3397
-37.4763
-32.3283
34.6755
109.178
128.822
106.249
60.0286
13.3777
-2.69821
6.44215
15.8671
15.0759
8.71338
4.49513
4.06636
4.21252
4
4
4.07211
0
0
0
-1.00002
-3.00003
-4.00002
-3.85577
-3.71156
-3.8558
-4.00002
-4
-3.8558
-4.28279
-4.92606
-4.35106
-3.55598
-2.19168
-2.75906
23.7419
114.167
182.095
110.67
-28.4745
-75.6225
-29.1955
20.3757
54.3036
67.8748
47.5143
16.0797
1.86139
7.14599
-25.2107
-79.3549
-61.8578
-19.5732
4.42679
27.4268
25.4268
27.4268
46.4268
49.4268
41.4268
9.42681
-43.5732
-74.5732
-80.5732
-81.5732
-79.5011
-67.3569
-51.7136
-52.5712
-69
-70
-46.9279
-27.7837
-19.7116
-6.71159
-2.78368
-13.9279
-15
-16
-25.8558
-10.5674
10.4326
2.0721
-1.64711
11.4192
20.4913
26.4971
26.4288
4.28639
-3.9944
18.7306
20.0911
0.301605
-29.9109
-50.4763
-5.89748
76.1083
121.395
113.607
73.3891
28.167
5.09108
8.66229
18.3018
11.0817
-2.21248
-0.362427
4.63757
4.21254
4.00003
4.00002
4.00002
0
0
-4.63754
-3.21254
-1.85582
-1.71161
-0.711594
-0.711594
-3.00002
-4.4326
-4.14218
-3.12878
-2.90869
-3.69821
-3.98483
-4.12141
5.3891
37.7534
97.5389
153.323
124.681
13.4688
-63.2504
-53.7609
-13.1272
20.7949
45.1478
35.8594
-14.7136
-63.5712
-77
-67
-45
-11
16
32
50
52
24
2.00001
8.00001
17
13
1
-6
-8.00002
-26
-60
-82.9279
-84.7837
-81.7116
-84.7116
-84.7116
-65.7116
-30.7837
-3.9279
1.1442
-1.56741
-10.4232
-25.4232
-14.4232
2.57681
-11.5674
-14.7116
15.2884
24.2163
-6.35292
-31.4192
-31.4913
-7.49707
34
49
46
42.7192
-11.8424
-81.8386
-98.4098
-81.5464
-47.9676
20.6795
86.467
97.8237
82.1804
60.3208
33.5295
19.7344
17.0115
7.51053
-4.0625
-2.4971
3.06831
4.20494
4.20494
4.06831
4
0
0
-4.63754
-3.21254
-0.85582
0.288391
0.144196
0
-1.1442
-3.43259
-4.14218
-3.27298
-2.6259
-2.77214
-3.70204
-4.41362
15.8786
79.5996
154.535
160.97
63.613
-44.2504
-62.6167
-37.3359
-39.3397
-48.0589
-44.9906
-48.9944
-52.9982
-31.5712
10
40
44
38
40
38
13
-13
-8.00002
10
10
-6.00001
-27
-45
-57
-74
-98
-108
-89.9279
-66.7837
-49.7116
1.28837
76.2884
101.288
63.2163
22.0721
7.14419
1.4326
-12.4232
-27.4232
-9.42319
16.5768
2.4326
-14.8558
-3.99998
0.0721054
-7.35291
-1.4192
-0.491302
-15.4971
-26
-47
-85
-103
-102.425
-99.5596
-88.9125
-97.9828
-118.835
-64.3281
33.1766
69.8217
74.5371
74.8237
54.7478
33.3815
21.1594
11.2239
4.43459
3.5029
4.06831
3.20493
2.20491
3.0683
4
0
0
-1.57121
-4.71364
-5.71364
-2.57121
2.70958
7.12875
11.1288
12.7096
9
7.00002
12.0721
13.7913
7.80089
13.7364
34.4516
87.9563
149.397
101.759
-17.1783
-65.1917
-44.7647
-23.9031
-18.1915
-20.1232
-24.6982
-12.9924
13.1442
25
24.425
37.85
42.5692
21.9355
18.0855
27.5884
17.5884
-0.411591
-10.4116
-29.4116
-58.4116
-77.4116
-90.4116
-97.4116
-93.4116
-82.4116
-58.4116
-19.4116
28.9413
83.6471
129
152
153
121
54.1442
-5.56739
-20.5674
-13.8558
-13
-16
-21
-17
-10
-14
-15.8558
-21.5674
-10.4232
30.5768
38.4326
-0.855797
-45.4288
-60.2864
-40.4306
2.1386
55.1386
87.2886
44.4424
-63.1971
-99.3433
-39.7683
27.6739
84.8295
112.19
98.5428
63.3227
27.8902
7.60178
4.59219
10.148
7.99622
1.56741
0.855804
1.78751
-1.6375
-9.70583
0
0
-1.57121
-4.71364
-5.71364
-2.57121
2.70958
7.12875
11.1288
13.7096
11
8.00002
10.8596
11.7951
8.80269
20.8065
49.0228
85.5295
91.2507
13.6094
-66.681
-65.406
-35.1252
-16.8386
-5.41162
-9.62791
-21.275
-13.425
11
22
12.425
4.85
10.5692
9.93549
-12.9145
-33.4116
-38.4116
-55.4116
-98.4116
-146.412
-153.412
-110.412
-59.4116
-10.4116
39.5884
81.5884
110.588
117.588
110.941
114.647
116
75
11
-25
-32.8558
-31.5674
-30.5674
-41.8558
-50
-43
-39
-24
5.00001
10
5.14419
14.4326
9.57679
-17.4232
-20.5674
2.1442
5.57121
41.7136
128.569
178.139
178.139
160.998
97.8616
9.87117
-8.98462
2.15381
9.94891
61.2545
101.262
93.9717
61.1121
20.4632
-1.90492
-2.12703
1.14798
-2.00383
-3.43263
-0.144211
2.78749
3.36247
1.29417
0
0
0
-0.999985
-1.99997
-1.99998
-2.99998
-2.99997
-1.99998
-1
2
3.99998
1.93166
-0.563629
5.72281
22.6545
65.5219
99.4556
51.2373
-24.6944
-50.2674
-39.6241
-21.4837
-9.49331
-4.8558
1.0721
10
8.00002
-2.50288
-5.5087
-20.1558
-72.4442
-105.941
-82.6471
-56
-38
-26
-40
-59
-45
-1.99998
42
80
104
105
95
84
68
54
37
-3
-48
-68
-61
-41
-20
-14
-22
-16
3
17
22
17
3.00002
-13.5712
-5.71359
0.286407
-29.5712
-29.5029
-8.50872
-12.6529
14.0645
58.5674
48.8558
18
9
22.7096
74.4192
92.8538
29.7172
-13.2752
8.742
50.5371
82.7496
75.2488
34.1007
11.0152
8.78931
-0.571213
-7.00005
-4.00005
-1.00002
2.14418
7.43256
12.4326
0
0
0
-0.999985
-1.99997
-1.99998
-2.99998
-3.99995
-4.99995
-4.99998
0
3.93169
1.15178
-0.700211
11.0911
39.0949
87.5257
111.74
52.9489
-18.4174
-29.3491
-9.27122
5.3
6.29041
-3
-2.71921
19.4174
23.2049
-18.2221
-74.2962
-119.156
-157.444
-183.086
-180.935
-155.144
-111
-50
24
109
194
229
198
154
103
40
0.999985
7.62939e-06
15
21
8.99998
-17
-35
-31
-20
-15
-11
-16
-25
-8.99999
16
18
-1
-27
-49
-66.5712
-67.7136
-36.7136
9.42883
4.49711
-63.5087
-71.6529
-12.9355
-6.43262
-38.1442
-38
-28
-17.2183
48.273
94.6297
44.1402
-3.70221
11.8862
56.8958
97.7478
97.4498
57.0873
27.5844
19.0777
8.71722
3.14424
2.00005
-1.99998
-4.85579
-7.56738
-10.5674
0
0
1.00002
0
-1.14618
-3.43854
-4.43854
-5.14616
-6.99997
-5.42879
0.142395
1.5029
-2.99239
-2.1328
18.4422
57.7306
94.0873
83.5864
15.0134
-38.7779
-34.6375
-10.85
2.575
4.9279
3.1366
1.7703
-11.3018
-46.9393
-89.1518
-104.152
-67.8672
1.34908
42.9962
25.5674
-25.5768
-74.5768
-78.5768
-20.5768
48.4232
67.4232
51.4232
47.4232
48.4232
36.4232
19.4232
10.4232
11.4232
14.4232
3.56737
-22.1442
-35
-24
-5.00001
2
-6.1442
-13.4326
-27.5768
-57.5768
-80.4326
-88.1442
-82
-59
-35
-28
-22.7096
-12.1288
-11.1288
-8.70959
-44.1442
-100.433
-62.9355
-5.65292
-35.0837
-63.2279
-35.8712
-17.0136
-33.2223
-42.6415
-49.6415
-54.6435
-32.2051
-3.54841
26.0324
57.5315
73.0911
59.7949
33.294
16.8672
7.8634
6.14424
6.00005
1.00002
-3.99998
-7.99997
-9.8558
0
0
1.00002
0
-1.14618
-3.43854
-4.43854
-4.14618
-3.4288
-0.286407
4.21648
4.57697
0.0778961
3.29424
30.5105
75.3701
92.298
45.5788
-28.0683
-66.1404
-58.5692
-38.6451
-21.8614
-5.07389
9.70782
2.34533
-41.9393
-76.1518
-52.1518
17.0607
101.345
181.49
231.421
233.996
194.567
119.423
35.4232
-20.5768
-54.5768
-96.5768
-126.577
-115.577
-86.5768
-51.5768
-14.5768
3.42323
-3.57679
-21.5768
-34.4326
-38.1442
-33
-21
-14
-23
-37.1442
-36.4326
-7.57681
31.4232
36.5674
2.85579
-42
-66
-50
-11
25.2904
42.8712
24.8712
-13.7096
-20.1442
19.5674
22.0645
-69.6529
-151.084
-148.228
-114.871
-67.5848
-4.4368
9.78731
-45.7098
-76.7118
-52.9926
-31.2714
-18.4781
-0.825218
30.8181
50.2335
31.1518
8.5788
6.07788
10.0058
9.50285
7.99997
7.99995
8.99995
13.1442
0
0
0
0
0
-1.00002
-3.00005
-4.00006
-1.42883
4.14241
9.07411
10.0058
6.07791
11.2942
40.4384
83.2942
87.575
29.9279
-26.1442
-38.2846
-25.425
-14.3567
-9.71719
-0.430588
6.5694
-10.8614
-37.3643
-13.1518
69.9203
138.065
138.996
103.068
71.2808
63.1404
92
124
109
50
-5.00001
-19
-12
-21
-39
-41
-28
-21
-26
-29
-25.0721
-18.2163
-7.28841
2.71158
-3.21631
-31.0721
-60
-63
-17
65
119.856
116.567
61.5674
-13.1442
-57
-57
-43.1442
-29.4326
-14.4326
-3.14421
50
139
115
-21
-82
-50.5712
-25.7136
3.85938
77.2161
116.641
66.5007
0.00740051
-32.4176
-36.2714
-32.981
-28.406
10.8806
55.9509
47.0154
19.2904
15.5029
17.0058
13.5028
10.9999
9.99995
12
15
0
0
0
0
0
-1.00002
-3.00005
-4.00006
-1.57124
4.28641
8.78355
9.42305
9.35091
16.6393
37.8614
67.0797
67.0076
27.6509
5.29419
19.8634
40.7134
42.6317
26.7
13.5578
-0.0152054
-21.5806
-23.146
22.1386
84.9982
94.6453
27.7895
-60.2067
-87.7779
-52.1404
-16
26
77
86
44
-4
-14
-3.99998
-17
-35
-31
-20
-13
-2.00001
6
4.9279
13.7837
29.7116
25.7837
-6.0721
-44
-62.5029
-58.0058
-41.5029
-17.1442
23.5674
75.5674
106.856
83
8.99999
-50.1442
-63.4326
-65.4326
-67.1442
-61
-35
-10
16.1442
63.2884
106.573
132.286
105.431
42.7873
-1.64548
-10.2167
4.1478
1.5806
-9.84821
-18.4915
-21.5656
13.0036
57.9373
56.3701
35.725
29.0096
21.148
14.4288
9.99997
1.85579
-4.28838
-9.14417
0
0
0.871216
-2.70956
-2.50288
3.4913
13.4913
21.4971
22.0701
15.7132
6.567
-0.156006
0.487274
13.6411
33.2257
39.6661
19.0324
-12.11
-12.6908
15.2958
35.994
43.3355
38.6145
20.1877
-6.01898
-22.294
1.78388
47.6473
51.727
5.08746
-38.5558
-55.0529
-51.9125
-30.6375
-12
-3.99999
22
58
51
1.00001
-32
-29
-20
-16
-12
-8
-2
8.00001
14.0721
11.2163
10.2884
10.2884
1.71342
4.56339
30.6317
40.4154
12.5558
-17.9413
-34.0817
-40.3683
-8.65291
57.0645
87.5674
58.8558
24.2808
0.842384
-21.3018
-19.1518
-4.92971
-6.63551
9.1558
56.4442
69.9413
33.6471
4.00002
-12.1442
-45.5009
-71.7817
-45.85
-2.84998
4.36252
-15.6433
-18.6453
-1.70979
29.7969
71.444
62.3757
34.5219
23.9489
11.5826
8.29041
8.21451
5.71159
1.56737
-0.576828
0
0
15.8712
9.29044
5.4971
6.4913
8.49135
8.49716
8.64134
6.92389
1.92186
-0.649323
3.64108
20.3623
41.2277
39.8844
6.96408
-29.687
-33.8428
-14.9946
-4.57521
1.7038
5.41161
-5.30759
-9.65849
12.7781
51.6415
73.3645
41.3683
-15.4154
-30.4116
-5.9828
-0.701988
-12.3529
-2.99999
-0.999985
-8.99998
7.00002
28
33
24
11
12
18
12
3.99999
5
10
8.14421
-2.4953
-15.3511
-28.5674
-33.2866
-2.43659
59.1288
93.9125
78.5558
42.0529
8.40961
-6.87119
-23.6529
-69.9355
-93.4326
-31.1442
50.2808
70.8424
75.6982
102.848
131.07
133.365
124.156
114.3
74.6529
0.0741272
-73.8576
-80.573
-37.9297
-14.0681
-8.5652
-6.9239
-10.6413
-20.4308
-4.71737
19.4306
27.3661
50.1574
50.592
25.6661
7.8047
-0.984589
-1.84799
-2.92969
-1.43259
0.711594
4.1386
0
0
23
20
15.5029
8.50868
-2.4913
-13.4971
-15.4971
-7.99419
-0.35289
5.43263
17.5047
37.3605
52.8634
52.298
27.9393
-5.85397
-20.7136
-20.3549
-18.8558
-18
-21.5029
-29.5087
-19.6529
16.2087
41.8558
34
3
-24.4971
-24.85
-2.06451
11.4326
3.1442
-6
-12
-17
-6.99999
23
51
46
17
7.62939e-06
-3
-4
-3
-1
-1
-3.8558
-9.56741
-19.5674
-25.8558
-15
14
48
72.5029
72.0058
36.5029
-6.00001
-27
-45
-47
10
81
86
59
67
73
38
7.62939e-06
3
42
66
45.5712
11.1424
-0.42881
13
21
7
-3.00001
-4.57121
-0.998192
17.146
22.5748
3.14781
1.14779
25.0056
27.5788
13.8654
9.58083
4.29044
-4.14417
-10.2883
-12.1441
-11.4288
0
0
1.29037
7.58076
11.7933
13.5087
13.5087
11.5029
6.50287
1.5087
0.508728
2.50293
13
35
51
44
18
-5.99998
-14
-14
-13
-12
-14
-19
-18
-6.00001
3.00001
-5.99998
-26
-32
-13
16
21
-2.00002
-15
-16
-22
-18
6.99998
31
28
8
-4.99999
-9.99998
-11
-8.99999
-9
-11
-7.00002
0.999992
2
4
17
35
48.5029
53.5087
38.0116
11.0116
-0.49128
-16.4971
-31
3.99998
56
41
-6.99996
-18
-33
-68
-92
-100
-89
-59
-41
-44
-39
-38
-39
-15
12
11
-3.57121
-0.998215
8.14598
4.14599
-10.1386
-8.42319
17.5768
29.4326
27.1442
25
19
12
5
1.52588e-05
-1.99997
0
0
-6.20673
-0.12883
5.87117
11.2904
15.2904
17.8712
14.8712
6.29037
0.574966
-3.06253
-0.275009
15.5125
28.0154
16.1558
-5.70963
-11
-4.00001
1.99999
1.99998
-2.00001
-2
2.99998
19
42
42
17
-3.99998
-1
16
21
10
-5.00002
-10
-5.00001
-6.00002
-12
-8.00003
1.99997
5.99998
4.99998
1
-2.99998
-2.99998
-0.999992
-1
-4.00001
-6.00002
-3.00001
5
15
21
17
2.00002
-19
-29
-19
-18
-39
-45
-40
-63
-82
-55
-27
-40
-68
-99
-146
-185
-178
-94
28
75
34
-20
-40
-33
-31
-25.8558
-6.56741
-0.423195
-1.21069
3.92969
12.6451
24.5047
24.5047
24.2884
24.0721
18
14
11
7.99994
4.99997
0
0
9.50871
4.7933
1.58081
0.290405
0.29039
0.871185
1.8712
4.29039
3.57497
-3.06253
-3.27501
8.51253
14.0154
-2.8442
-20.2067
-14.9942
-1.49708
6.00002
3.99999
-1.00001
3
17
40
60
55
30
12
14
22
14
5
9
8.00001
10
15
4.00002
-8.99998
-7.99997
3.00001
14
15
11
11
13
15
14
9.00002
8.00002
16
25
23
6.99998
-16
-38
-41
-7.00002
32
38
42
58
37
-17
-44
-19
45
101
87
4.99998
-61
-47
10
42
39
27
13
-20
-63
-73
-41.8558
-8.5674
-0.423187
5.78931
21.9297
36.573
41.3605
25.4326
12.2884
8.0721
4.00002
4.00003
4.00002
3.99998
2.99997
0
0
13.0058
5.50291
-0.709595
-6.12878
-9.12878
-8.70959
-2.70959
6.8712
8.87119
4.29039
4.99998
15
20
4.00001
-17.4971
-19.9942
-9.4971
-2.99999
-5.99998
-11
-4
16
22
5
-5
-7.00001
-12
-8.99999
7.62939e-06
-1
1
12
8
4.99999
9.99998
-1
-16
-12
4.00001
14
14
8.99998
5.99998
7.99999
11
11
13.8558
23.5674
30.5674
29.8558
23.5029
13.5087
6.3683
8.08168
11.4384
13.4384
46.0817
123.368
169.509
113.503
18.8558
-7.43262
-2.4326
-33.1442
-48
-16
54
143
185
144
24
-103
-126
-72
-27
-24
-49
-49
-21
-1.57119
-0.0702972
-5.28281
-9.2107
6.07392
31.7172
23.3605
2.1442
-2
1
6
8.5712
8.71359
6.64148
0
0
2.00003
-1.99998
-4.70959
-6.12878
-5.12878
-0.709595
5.29039
9.87119
9.87122
8.29044
10
17
22
13
-5.99999
-17
-14
-9
-11
-16
-11
7.00001
7
-15
-19
-12
-16
-19
-15
-13
-7.00002
0.999992
-6.00001
-12
-10
-17
-24
-15
-2.00001
0
-3.99999
-7.99998
-9.99998
-8.99999
-8
-8.00001
-3.14423
6.56736
9.56735
2.85577
-5.49709
-6.49129
6.3683
29.0817
38.4384
17.4384
0.0816956
11.3683
4.50872
-22.4971
2.85581
71.5674
76.5674
6.8558
-48
-66
-37
46
98
43
-39
-37
9.99998
28
18
20
51
86.1442
77.2884
30.573
-1.0703
-28.2828
-58.2107
-45.5694
1.28641
16.8576
4.85757
3.42879
8.99998
15
19.5712
20.7136
17.6415
0
0
4.00002
-4.99997
-6.99998
-4
1
7.99998
11
1.99997
-5.99997
4.00005
17
20
24
24
7.99998
-13
-22
-18
-14
-13
-7
2.00001
3.00002
-1.99999
4
3
-10
-2.00002
8.99999
1.99999
-12
-17
-8.99999
-13
-32
-44
-39
-16
11
17
9.00001
8
7
1
-7
-10
-5
-1
-0.999992
-8.99998
-12
-4.00001
-5.00001
-3.99998
5.00002
-0.999992
-14
-30
-60
-61
-5
33
40
70
77
38
-1.52588e-05
-10
-13
-9.00002
48
99
91
57
2.99999
0.999985
84
127.144
75.2884
-0.855812
-36
-41
-43
-37.5712
-15.1424
18.8576
27.8576
18.4288
7
-3
1.00002
10
15
0
0
7
1
1
3
4
4.99998
2.99998
-7.99998
-16
-8.00003
-1.52588e-05
-4.00002
-5.00003
-3.00002
-3.00001
-0.999992
-3
-5.00002
-5.00001
-6.00001
-4.00002
-4.00001
-8.99999
-14
-11
-9.00001
-8.99999
6.00001
15
7
-4
-6
2
-5.00001
-24
-30
-22
-4.99999
13
16
14
22
26
22
15
10
11
10
5.00003
-5.99997
-12
-10
-24
-44
-36
-12
-5.99999
-7
7.99997
12
-22
-52
-30
12
7.00002
-25
-25
-7.99998
5.00001
40
82
88
75
47
15
20
25
-11.1442
-39.2884
-40.1442
-40
-32
-4.99996
13.5712
10.1424
23.1424
35.1424
24.5712
8
-7.00002
-9.00003
-2.00002
4
0
0
3.99998
7.99995
10.7095
10.1288
6.12878
0.709595
-5.29039
-9.87117
-9.87119
-10.2904
-17
-28
-37
-37
-16
16
26
18
11
4.99999
-7.62939e-06
-4.00001
-15
-35
-47
-38
-19
-14
-23
-24
-6
12
4.99999
-9.99999
-11
-3.99998
1.00002
0
-7.00002
-13
-8.00001
1
5
7.00001
6.00002
-1
0.927895
14.7837
16.7837
7.92789
-0.70961
-8.12881
-16.4096
-34.552
-41.1232
-9.1232
14.448
-5.40963
0.871162
34.2904
-10.0721
-107.216
-127.216
-63.0721
-14
9
35
22
3.99999
9.00001
-11
-18
-25
-52
-17
1.00003
-90
-149.144
-96.2884
-22.573
-3.92967
-18.7172
1.21072
37.5694
29.7136
9.14238
13.1423
13.5712
6.99997
2.99997
-4.57124
-10.7137
-10.6416
0
0
9.99422
15.4971
18.7096
17.1288
11.1288
5.70958
2.70959
1.12881
3.12881
5.70961
1
-12
-22
-17
-1.5029
10.9942
13.4971
10
9.00001
12
14
12
7.00002
-2.99998
-14
-11
0.999992
-7.62939e-06
-10
-5.00001
11
11
-7
-22
-23
-16
-11
-11
-8.99998
-1.99999
2
-3
-13
-20
-24
-29
-20.0721
3.78372
14.7837
16.9279
20.2904
18.8712
12.5904
-5.55199
-26.1232
-18.1232
5.44799
6.5904
9.87124
37.2905
52.9279
57.7837
67.7837
60.9279
45
39
22
-13
-26
-18
-5.99998
-17
-95
-134
-82
-69
-88
-61
-24
0.571198
2.07029
-10.7172
11.2106
34.9261
11.2828
-16.3605
-10.1442
-0.999985
-2.99995
-5.99995
-13.5712
-22.7136
-24.6415
0
0
12.4913
17.2067
19.4192
18.7096
14.7096
9.12885
8.12883
11.7096
17.425
23.0625
21.275
10.4875
3.98457
12.8442
17.2067
2.99419
-7.50291
-7.00002
-1
10
19
22
31
44
40
30
25
17
13
24
31
13
-9
-17
-14
-7.00002
-4.00002
-3.00001
7
23
25
11
-4.99999
-12
-9.00002
-5.00001
-7.00001
-13
-12
-1.99999
4.00002
3.00002
2.00002
-6.99999
-24
-31
-19
4.00003
13
19
63
124
122
43
-12
-17
-36
-38
-9.00001
12
24
14
3
9
-9
-12
73
138
89.8558
27.5674
1.4232
7.2107
39.0703
39.427
6.63951
-12.4326
-9.28835
-3.07205
-0.999985
-1
-3.99998
-8.99994
-12.9999
0
0
8.2067
7.1288
7.1288
7.70958
7.70959
6.12883
6.12883
10.7096
17.425
23.0625
21.275
10.4875
3.9846
13.8442
19.7096
4.00001
-9.99998
-11
-6
3.00001
11
14
17
22
19
5.99999
-9
-18
-16
-5.99998
3.00002
5.00002
2.00001
1.99999
7.99998
13
14
18
22
19
13
4.00002
-4.99998
-3.99999
6.99999
16
14
7.99999
10
15
11
4.99999
9.00001
14
9.00001
-8.99999
-24
-13
-9.00002
-25
-19
-16
-57
-100
-81
-18
28
61
61
23
-8
-7.62939e-06
79
128
78
44
63
61
32.8558
8.5674
-5.57681
25.2107
66.0703
46.3549
18.4953
19.4953
16.7116
11.9279
15.9999
21.9999
23
19
13
0
0
1.70964
-2.5808
-5.7933
-8.5087
-7.5087
-3.50288
-2.50287
-1.50868
2.49129
5.49707
-1.52588e-05
-14
-23
-17
-2.00001
7
4.00001
-1.99998
-4.99999
-7.00001
-9.00002
-12
-11
-7.62939e-06
11
9.00002
-0.999992
-5.99999
-3.99998
-2
-2.00002
-1.00001
2.00001
8.00002
15
18
19
25
21
2.00002
-6
-5.00001
-7.99999
-8.99999
-5
-3
7.62939e-06
9.00002
13
9.00002
0
-4.00002
12.5029
39.5087
45.0116
22.0116
0.508682
-2.49711
1.52588e-05
1.00002
2.99998
-10
-24
-3.00002
18
11
17
35
29
15
12
20
50
73
61
25
-45
-84
-37.4288
-8.00179
-15.146
26.854
62.1386
25.4232
3.42319
16.5674
11.8558
8.99997
19
27
30
27
21
0
0
-5.14424
-8.00003
-12
-14
-13
-11
-9.00002
-9.00003
-10.1442
-10.2883
-15.2162
-27.3605
-37.5806
-37.444
-16.6565
13.7098
20.7136
9.3549
-1.14421
-11
-20
-27
-28
-18
-3.00001
4.99999
4.00001
4.00001
6.8558
2.56739
-7.43262
-13.1442
-10
-0.999992
6.00002
7
6.99998
12
15
13
15
18
16
11
2
-10
-27
-49
-63.0721
-70.1442
-77.3625
-72.5808
-44.2904
-6.00001
19
30
29
7.7096
-14.5808
-16.2904
-6.00002
14
52
98
87
11
-30
-37
-41.1442
-22.2884
2.85579
6.99999
-20
-46.8558
-60.7116
-55.8558
-41
-29
-4.42879
-2.3585
-14.0036
19.6359
39.4196
-3.43622
-25.4382
-17.0114
-20.0096
-11.5808
3.70963
11
14
12
8.00003
0
0
19.0607
17.152
8.66452
4.6703
4.67026
2.66441
1.52022
1.38187
-1.61809
-7.55557
-9.78146
-14.5804
-39.4572
-51.1918
-18.4101
13.7475
12.1214
2.8444
7.70779
6.7875
-7.6337
-15.5596
-23.3471
-25.0645
-15.4232
-10.5674
-3.5654
2.79909
0.656883
-6.8478
-10.9219
-10.7817
-11.7116
-9.85582
-8.00002
3
24.9279
17.7837
-8.28842
-1.28844
19.7837
28.9279
29
15
-2.8558
-20.7116
-59.6433
-113.363
-149.222
-145.366
-93.3721
-25.7366
7.40379
8.0433
8.25581
17.5442
31.6201
33.9806
16.1969
3.2748
4.49313
17.8518
25.7134
12.3625
7.79911
17.9453
13.5828
-10.998
-17.4326
-9.6489
-13.9297
-16.275
-29.552
-69.5482
-96.404
-67.8328
-9.26158
35.3038
35.4346
5.14039
11.3453
49.9051
35.6149
-22.5273
-35.8139
-8.9545
1.33951
-6.58279
-8.71939
-3.92607
0.645126
3.78169
3.63748
0
0
24.0607
22.8636
17.0174
11.1616
9.16159
8.16158
4.01738
-0.270996
1.51648
5.58853
6.93384
-2.015
-28.9659
-35.4101
-11.4101
2.24078
9.10798
13.5502
9.1328
1.99999
1.36629
1.44039
-7.34709
-9.06447
-15.4232
-21.5674
0.434586
20.7991
13.8011
-2.55942
-7.77771
-2.78171
1.28839
-4.85581
-16
-0.999992
31.9279
17.7837
-21.2884
-16.2884
-0.216301
-1.07211
-6
-18
-24.8558
-26.7116
-43.6433
-55.5067
-30.4384
24.6337
82.9904
106.341
79.6884
43.5404
34.2558
24.5442
-0.882797
-7.73479
-3.7252
-4.43481
-0.506874
-7.65106
-28.002
-47.5596
-44.9105
-6.0547
24.154
30.7156
40.4252
34.2107
4.7857
-13.1326
-19.1933
-9.6145
54.5297
98.3835
64.1672
29.3038
2.9317
-11.6529
29.2674
66.1176
30.2524
-22.3985
-27.8217
-4.09689
10.1933
3.1306
-6.0743
-5.49727
-0.354874
4.78169
8.63748
0
0
4.28079
4.27118
3.69998
3.70959
4.00002
3.00003
-1.99997
-7.14417
-1.28838
12.7837
16.7116
1.2049
-16.446
-13.7324
-6.87081
-1.79869
24.4138
37.7743
6.5636
-18.0797
-1.15179
7.63569
-3.57683
-8.57681
-24.5768
-29.4326
-6.4346
4.12881
-10.727
-27.002
-32.8558
-29.1442
-21.2884
-25.1442
-30
-13
8
3
-14
-18
-16
-18
-25
-33
-29.1442
-8.2884
37.8558
112
181
207
169
83.4971
10.6355
-9.57899
7.42099
9.13259
-16.1558
-14.9413
5.92029
7.42319
10.5674
13.3529
25.2846
46.0779
16
-33.8712
-37.3
-9.57681
9.71359
11.5712
0.571182
2.14239
23.3587
53.9337
93.5049
83.2145
35.5674
4.13858
-28.0056
-20.444
40.9051
61.6205
18.6926
-17.6661
-24.5219
-24.3056
-15.8047
0.702011
5.06833
1.00002
0.358704
2.07611
6.07613
0
0
3.85382
3.41721
3.27299
3.70959
4.00002
4.00005
5.00003
5.99998
6.21249
8.92213
10.7038
2.06252
-16.7172
-32.9335
-24.5181
3.55021
20.9906
23.5694
13.2828
-2.29217
-4.15178
2.6357
-10.5768
-39.5768
-43.5768
-22.4326
-10.4346
-16.7991
-19.5107
-8.5694
-5.3511
-21.9279
-39.2884
-34.1442
-5.00001
19
13
-3.00001
-13
-21
-17
-9.99995
-19
-31
-14.1442
38.7116
103.856
142.144
121.288
63.1442
11
-16
-15.8558
-0.56739
0.43261
-9.8558
8.8558
40.5674
37.4232
-1.57681
-30.4326
-10.6413
32.7154
41.6317
12.8384
-13.1616
-18.8712
-15.8616
-15.1424
-7.57117
-0.57119
-9.14242
-30
-58.0018
-93.2901
-100.434
-50.1498
-13.294
-26.0795
-7.08331
57.4821
66.9109
10.131
-27.0056
-27.6489
-23.1518
-15.6489
-3.43059
0.713593
-3.42883
-5.6413
-2.92386
1.07614
0
0
-1.00778
-0.645294
1.1384
0.128799
-1.16159
-0.161591
8.83841
18.8384
10.8384
-2.37411
-1.22791
1.55779
-15.5181
-51.8085
-47.0969
1.1897
8.47811
-0.0892868
20.277
22.8558
-2.99999
-1.99998
4.14043
-24.5788
-30.0817
-15.3683
-21.8674
-24.5069
-3.006
15.3469
10.4893
-6.29041
-15.2163
16.7116
74.7837
81.9279
22.0721
-23.7837
-14.7116
3.28841
0.216293
-8.92791
-8.0721
8.78369
45.7116
96.7116
97.6433
20.5067
-53.5616
-82.5616
-69.9183
-23.6317
17.0116
24.0116
7.01158
4.01158
13.0116
-14.9884
-62.0605
-89.2047
-101.277
-69.2047
-29.8538
-41.2241
-27.5107
22.5672
44.8518
31.4931
5.92387
0.641296
0.428818
-47.1424
-105.503
-96.7951
-68.0835
-34.6527
4.55981
-15.8748
-33.9469
14.8406
59.981
34.9772
-21.3074
-37.1594
-23.9393
-16.5768
-13.146
-11.8614
-12.0739
-11.0681
-10.996
-10.8576
-9.28844
0
0
-2.4366
-1.5029
-2.29041
-1.8712
-1.16159
-2.16159
2.83842
12.8384
7.83836
-8.59044
-12.7326
-4.80272
-12.019
-51.8786
-66.4478
-23.017
4.12141
4.47229
21.1915
27.5616
1.2125
-3.99999
27.1404
38.4212
20.9183
-5.3683
-25.8674
-22.579
-6.2223
-14.9415
-49.7991
-60.5067
-21.2884
44.7116
89.7837
68.9279
3.0721
-32.7837
-18.7116
-3.71159
-7.78371
6.07208
56.9279
106.784
109.712
68.7116
5.6433
-52.4933
-69.5616
-52.5616
-25.9183
-4.63171
-4.9884
-24.9884
-28.9884
-5.98842
-14.9884
-66.9884
-79.0605
-33.2047
-9.27679
-20.7797
-28.7134
-23.9279
6.8576
34.8518
25.3489
0.421013
-11.1482
1.85759
0.504707
-15.5674
36.6413
122.062
123.489
82.0607
39.6982
-29.1614
-24.4498
55.3301
62.4705
-8.17281
-53.8824
-41.3757
-20.2277
-14.721
-12.146
-13.8614
-15.0739
-12.0681
-10.996
-11.8576
-12.2885
0
0
-3.99998
-3.99997
-3.99997
-3.99998
-4.14421
-4.4326
-5.22008
-4.50668
-2.5067
-7.7951
-17.1576
-15.8009
-15.5143
-41.0873
-75.019
-55.8103
9.7609
32.3359
13.981
10.4857
5.9183
-3.00781
16.2806
35.7114
14.0701
-17.6433
-32.1442
-39.4326
-47.0797
-59.298
-82.4384
-72.4326
6.07031
60.5712
29
-23
-36
-18
-12
-26
-19
27
86
110
64.5712
-27.8576
-80.4288
-57
-23.8558
-11.5674
-11.4232
-22.4232
-30.5674
-26.8558
-19.1442
-17.4326
-17.4326
-2.14421
42
98
116.571
70.0703
-5.07591
-43.725
-20.6567
17.277
28.7837
21.7134
2.14222
-26.3549
-51.4953
-22.4232
46.5768
58.4326
36.5692
34.275
7.27502
-33.6509
11.4098
95.1801
67.8917
-28.4574
-66.0931
-40.3018
-19.0076
-19.7154
-18.2107
-14.7761
-11.2049
-6.0683
-3
-2
-3.9279
0
0
-4
-3.99997
-3.99997
-3.99998
-4.14421
-3.43262
-8.22011
-14.5067
-8.50667
-5.22008
-12.8614
-15.5768
-14.6547
-22.9469
-57.3833
-61.8217
10.2466
42.8254
5.04932
-4.51809
8.98659
0.992172
13.4248
50.9998
47.2143
16.3567
-19.1442
-75.7893
-127.15
-138.512
-99.4402
-4.29023
99.7136
102.571
-1.99999
-77
-53
-2
8
-3
1.99999
12
3.99999
-24
-55.4288
-73.8576
-65.5009
-37.1442
-18.9279
-14.5674
-15.4232
-18.4232
-16.5674
-8.85581
-8.1442
-13.4326
8.56741
54.8558
70
52
48.5712
44.7136
14.854
-9.7951
-10.5105
-5.7172
-4.7134
-4.6433
-21.4991
-66.2828
-88.854
-51.1386
-51.4232
-90.8578
-45.0116
-20.0875
-83.7288
-37.7326
103.897
134.243
53.3109
-31.3969
-57.9605
-33.3817
-17.0875
-19.9395
-16.5011
-8.77611
-4.20493
-0.0683136
3
4.0721
2.21629
0
0
-1.00003
7.99998
14.8558
17.5674
14.7799
8.49332
0.637482
-2.78754
0.212494
3.49333
2.62993
-5.0172
-9.0172
-11.1652
-36.892
-67.3246
-31.465
38.7493
32.1098
-1.31138
10.0529
-0.654884
-17.9319
33.3623
94.721
90.4326
56.7875
23.7857
-24.0036
-37.0795
53.3493
154.854
125.571
23
-36
-36
-11.8558
3.43261
4.57681
-0.423195
-11.5674
-35.8558
-68
-85
-70
-33
-8.07209
-10.1442
-16.0721
-16
-14
-10
-8
-7
-2.99999
2.00002
8.00002
22
24
-11
-39
-20.4288
24.7857
59.5011
42.9299
-3.3567
-33
-37
-25.8558
-9.2828
27.8556
43.9902
9.27098
1.98259
11.1288
-66.9375
-119.298
20.554
159.546
107.607
0.887897
-42.6112
-45.8882
-45.3739
-39.7971
-23.3683
-12.2904
-7.99998
-6.57117
-9.71358
-12.6415
-10.3549
-6.28661
0
0
0.999985
8.99998
16.8558
18.5674
14.7799
8.49332
5.63748
8.21248
6.21252
3.63754
3.34714
-7.08748
-17.3038
-21.9451
-34.1652
-68.8199
-79.1083
4.7513
73.2522
35.5444
3.9808
12.273
-15.0761
-35.7819
15.8652
90.721
161.076
225.287
249.638
255.848
250.137
171.856
39.8576
-44.5712
-38
0.999985
10.1442
-0.56739
-2.42319
-0.423195
-8.56741
-22.8558
-32
-28
-11.5712
6.8576
14.5009
12.1442
10.0721
7
0
-6.00001
-6.00002
0.999992
11
14
4.00001
2
21
24
-2.00002
-21
8.00001
67.6433
77.2866
37.6433
-14
-60.8558
-64.2828
-5.854
65.4268
63.273
40.8384
37.3413
-52.5125
-136.085
-20.7306
140.841
124.837
21.1138
-40.2487
-48.6795
-40.319
-45.6605
-40.575
-22
-14
-12
-10.5712
-13.7136
-16.6415
-14.427
-9.28661
0
0
0.0799103
1.21651
2.28477
2.28479
2.07231
1.64729
6.0761
14.3587
16
12
8.99997
6.85577
3.28278
-3.00558
-23.9469
-70.1824
-120.837
-89.6889
27.5332
56.4667
-5.52572
-11.8748
-3.07971
-45
-70.5674
-19.4232
63.4326
125.144
168.359
168.076
84.0761
-24.1404
-59.9261
-41.2828
-25.7837
-20.9279
-15
-5.00001
6.99998
18
18
9.00001
1.07211
-2.78368
-2.28279
2.14599
6.71719
10.2163
13.9279
12.5674
1.42319
-12.5768
-18.4326
-14.1442
-0.855812
12.4326
12.4326
7.1442
13
27
24.4288
-8.71361
-35.9261
-23.2087
4.36249
14.7875
0
-24.8558
-37.2828
-36.854
-42.2828
-39
-8.22009
-33.9393
-124.302
-82.6681
113.324
186.321
69.3888
-32.04
-56.2487
-56.0248
-45.6605
-30.7971
-19.4308
-15.5674
-14.1328
-10.552
-7.40579
-5.69421
-4.12885
-3.70963
-2.8558
0
0
-5.9201
-5.78352
-5.71523
-5.71519
-4.9277
-2.35272
-2.92389
-8.64128
-12
-11.0001
-7.00005
-2.00002
-0.428802
-2.8614
-19.444
-50.3891
-95.7592
-125.689
-51.8994
59.2448
49.6053
-23.1688
-31.6545
-16.8614
-51
-104.567
-135.067
-128.71
-100.279
-100.061
-113.776
-97.1386
-73.3549
-51.7116
-31.7837
-24.9279
-18
-7.00001
-1.00001
-0.999992
-4.99998
-13
-19.9279
-18.7837
-12.7116
-6.7116
-6.78371
-13.9279
-16.1442
-14.4326
-17.5768
-22.5768
-21.4326
-12.1442
1.1442
11.4326
8.43257
-5.8558
-12
3.00002
24.4288
31.2864
4.07391
-44.2087
-68.6375
-66.8558
-28.1424
59.6451
123.144
89
13
-1.1442
-10.3643
-92.444
-80.0949
107.539
213.531
125.099
9.09859
-50.613
-71.8217
-67.2391
-47.5123
-26.7893
-16.2846
-11.5674
-9.13281
-8.552
-7.40581
-6.69424
-6.12886
-4.70963
-3
0
0
-8.99802
-11.4172
-13.1268
-12.1268
-9.34511
-5.78171
-9.99998
-22
-29.5712
-30.7136
-25.7136
-18.5712
-17.1442
-19.7172
-20.4344
-19.4458
-33.6034
-85.8976
-97.5427
16.0305
98.968
41.5544
-19.6525
-13.2219
-1.85961
-41.5694
-97.9926
-107.414
-84.2638
-61.8292
-35.4763
-11.8464
-4.06651
3.5768
10.5768
4.57681
-4.71158
-10.2884
-15.5768
-20.5768
-23.2884
-23.7116
-22.4232
-18.4232
-11.4232
-3.5674
1.43461
1.79911
1.94531
3.87322
3.94532
2.08951
1.44621
2.01541
-0.700005
-3.70001
-0.984612
-2.55381
-9.7663
0.377899
36.45
76.45
79.1596
30.5788
-34.9241
-85.3491
-88.7741
-35.3433
22.6529
34.3587
42.5674
49.9944
-29.9353
-92.44
41.6928
234.541
215.606
60.243
-26.184
-59.3947
-74.0342
-61.8179
-38.317
-18.8844
-9.8768
-4.86719
-2.5768
-4.57683
-6.57684
-5.57683
-4.4326
-3.1442
-1
0
0
-7.99799
-8.41718
-9.1268
-7.12683
-3.34511
-0.781693
6.99998
19
20.4288
15.2864
13.2864
11.4288
6.85582
-1.43257
-12.3681
-30.7382
-40.2487
-57.1063
-109.958
-84.5974
36.7613
84.7593
20.9053
-34.4382
-10.0721
24.4306
20.7949
1.59002
-20.262
-15.7591
11.4516
17.5123
6.6489
7.57681
15.5768
14.5768
5.2884
-6.28839
-14.5768
-15.5768
-14.2884
-11.7116
-8.42316
-5.42317
0.576805
7.57681
13.6509
18.7991
19.8732
16.8732
12.9453
8.08949
-0.55381
-12.9846
-24.7
-24.7
-8.98459
-0.55381
-12.7663
-23.6221
-15.55
0.449997
5.15961
6.5788
30.0759
66.2942
65.3683
4.01161
-59.4913
-53.0701
-7.71899
-47.1516
-117.015
-9.9505
176.829
212.968
129.892
31.8863
-46.1157
-79.3947
-74.0304
-53.6016
-31.4574
-18.5257
-13.1632
-7.15359
-2.0056
-0.576813
-0.576797
-0.576782
-0.432587
-0.144196
-0.144196
0
0
-0.705597
-2.28638
-2.57681
-1.43265
1.85576
4.99998
7.99998
9.99995
7.99995
3.99998
-1.52588e-05
-4.00003
-9.00002
-16.4346
-18.0913
-18.173
-25.8181
-34.6737
-70.2447
-101.315
-31.2407
85.8276
99.4727
15.0571
-42.2864
-23.8462
15.2998
14.0112
-14.2754
-24.4917
-24.7801
-39.9243
-55.1406
-48.2848
-24.7136
-3.57121
4.99997
1.99999
-2.99998
-1.99999
0
0
0.428795
1.28639
1.7152
1.43061
2.64511
3.85581
0.639503
-3.14422
-3.00002
-3.00002
-9.42882
-22.2864
-33.2864
-31.4288
-21.5712
-24.7136
-43.2848
-60.2848
-69.7136
-79.5712
-74.2808
-29.8424
37.3018
92.1518
99.4326
55.1442
8.57121
1.71362
-40.3623
-133.729
-74.592
144.332
237.899
136.042
31.7535
-28.7532
-86.3244
-97.1005
-74.167
-49.2353
-27.5103
-20.8594
-21.7152
-16.7152
-6.28636
2.57124
6.00002
4.64331
2.21452
0.499115
-1.21628
0
0
5.58278
4.00197
3.71161
3.71162
4.85579
6.99998
1
-13
-20
-19
-15
-10
-8.00003
-8.29042
-7.3683
-0.153793
-18.3681
-59.8065
-67.892
-81.4688
-81.8235
13.0381
123.038
112.964
-6.02457
-72.1498
-41.4288
-9.85582
2.57681
4.43822
-11.7042
-31.5638
-42.8522
-39.1406
-22.2848
-4.7136
5.57299
4.28839
-1.85581
-1.00001
2
1
-0.571205
-3.7136
-10.2848
-15.7136
-12.5712
-5.00001
-3
-0.927902
7.1442
14.5009
15.4288
8.5712
-8.4288
-28
-38.5712
-44.7136
-46.2848
-36.2848
-23.2848
-21.2848
-26.9944
-26.4136
-28.1232
-48.6982
-53.9924
-6.8558
33.5712
-16.5047
-114.871
-75.1632
135.476
255.254
177.888
59.387
-26.4706
-81.5465
-91.3264
-76.0987
-57.8748
-38.5085
-26.0739
-24.6451
-26.2163
-21.5009
-9.14799
3.27121
8.27119
7.7058
4.77791
1.28081
-1.07208
0
0
-10.4406
-3.4406
-0.440567
-2.58476
-6.58278
-8.21829
-9.21249
-10.6375
-7.27878
-0.136383
3.93193
3.92615
4.27702
6.27501
2.78754
-9.05086
-28.9047
-49.421
-54.5882
-70.3246
-100.985
-79.4956
25.2122
127.277
113.351
13.5104
-58.8253
-56.8784
-21.2922
-7.28101
-7.7042
5.58241
19.0094
12.721
4.00558
7.71899
11.0036
11.719
13.0056
8.57678
4.43258
3.14418
0.571198
-1.28639
-1.21811
0.20488
2.84419
5.9864
4.41519
-3.58481
-6.93771
3.35651
16.0036
14.0036
5.22193
-5.48569
-26.9145
-34.9203
-16.4232
-3.4232
-5.99442
0.718987
10.9335
-0.994186
-27.7797
-47.7038
-33.275
-6.425
-46.6471
-127.945
-75.8161
139.245
282.091
225.724
95.0053
-7.78219
-87.9947
-114.917
-85.9697
-63.2996
-48.4949
-32.1306
-23.7038
-15.425
-6.99998
-4.99998
-7.71921
-11.6605
-10.7384
0.0509033
11.8402
14.2027
8.78349
0
0
-16.5848
-9.58475
-6.58478
-7.58481
-10.5107
-13.2183
-12.2125
-8.63748
-4.27878
-1.1364
-3.06813
-7.07393
-9.72301
-10.725
-11.0683
-21.3337
-28.975
-21.5614
-29.4382
-53.1804
-77.638
-97.1543
-75.3023
22.6959
150.482
172.277
58.799
-63.3204
-104.732
-64.1498
-9.14421
3.1442
-4.56738
-15.4232
-19.4232
-5.9944
3.71901
4.0036
12.719
26.0056
28.4326
22.1442
13.5712
5.71358
1.28481
-0.286392
-10.6471
-28.5107
-37.4406
-40.3685
-40.7935
-30.856
-13.5656
1.43439
11.9373
6.37189
-19.6281
-28.4915
-6.42321
5.57679
-8.42321
-20.5674
-13.2846
-4.28641
-1.7152
4.56941
-20.8614
-108.436
-171.803
-72.1728
148.245
276.091
227.58
110.935
17.7948
-59.5659
-113.067
-110.909
-80.5257
-58.715
-45.0583
-34.6277
-26.6317
-16.2087
-6.78371
-6.92789
-14.9317
-22.3663
-20.8712
-8.72896
5.06235
9.70943
5.92769
0
0
-3.85579
-3.85577
-3.85579
-3.8558
-3.9279
-4
-3
-1.99998
-2.99997
-3.99998
-5.00002
-7.00003
-9.00002
-11
-15
-20.1442
-22.3643
-25.2998
-34.5902
-47.8123
-64.467
-85.6929
-104.484
-71.6985
58.2997
194.296
199.156
78.8805
-43.9695
-87.6811
-66.4572
-31.1574
-14.721
-11.5768
-18.5768
-34.4326
-34.8538
-13.7
8.44799
19.8768
21.8768
18.8768
13.7326
6.44417
-1.1971
-7.19129
-13.0471
-19.7645
-23.1232
-19.1232
-14.6982
-19.9924
-22.2087
-2.20291
17.6529
15.5029
12.8558
17.5674
17.4232
10.4232
-2.15179
-17.3018
-18.3797
-1.45381
0.477898
-44.3076
-121.025
-129.954
13.4687
216.176
298.173
231.241
118.381
15.0948
-62.6168
-99.5409
-100.82
-86.3076
-69.5846
-54.2259
-43.9355
-37.1442
-32
-28
-25
-23
-19.3587
-13.5732
-9.42902
-8.57321
-8.427
-7.34909
-4.49329
0
0
0
0
0
-1
-2
-2
-1
1
1
0
-0.999985
-3.99995
-6.99995
-8.99998
-8.43462
-4.09134
-1.81053
-7.16142
-21.0873
-40.0873
-62.019
-87.8862
-105.681
-100.042
-57.8994
38.9526
163.368
232.144
181.004
27.6526
-102.121
-112.1
-48.2275
16.9926
36.9944
2.4232
-40.1422
-55.273
-43.4096
-22.552
-12.1232
-7.1232
0.876801
7.73259
11.9471
11.3058
16.9471
27.7326
21.8768
10.8768
9.15759
3.71919
-5.49711
-2.49131
10.0799
18.7136
22.5636
19.6357
6.42319
-8.29601
-9.7344
4.69061
1.40781
-53.45
-130.885
-155.674
-72.2449
102.894
272.457
307.74
217.239
115.882
23.243
-63.4706
-113.395
-122.666
-103.079
-76.5027
-60.2201
-50.6529
-41.5087
-32.5029
-25
-20
-16
-11
-4.85579
-0.567398
-0.567398
-1.85582
-1.21252
0.362473
2.36247
0
0
3.99998
3.99997
3.99998
4
4
4
5
7.99998
8.99997
5.99998
3
1.52588e-05
-2.99997
-3.99998
-3.71919
-3.66049
-4.88261
-12.0951
-26.4518
-42.4556
-62.1748
-87.892
-100.038
-104.114
-121.833
-96.8407
17.4363
160.499
235.567
205.216
86.6584
-50.3947
-107.596
-86.3036
-43.3681
-8.78931
0.571182
-16.8558
-37.5674
-40.4232
-37.6357
-34.0607
-25.129
-16.2694
-12.4078
-15.2616
-15.3395
-14.7761
-25.2031
-29.6281
-14.129
8.7268
21.2239
19.2181
11.7835
4.9201
4.49129
11.9221
19.1308
16.1953
-3.5181
-35.0835
-85.7951
-138.085
-110.809
33.7551
217.531
315.089
291.222
201.364
89.4383
-15.9184
-91.0588
-125.48
-125.324
-108.596
-83.5844
-61.0056
-48.7172
-37.1442
-25
-16
-8.99998
-4.99998
-2.5029
1.4913
5.49129
7.49709
7.00003
6.00005
7
8.99997
12
0
0
3.99998
3.99997
3.99998
4
4
4
4.99998
7.99995
9.99995
7.99998
4
-3.05176e-05
-3.00006
-4.00003
-3.93169
-2.79507
-3.0172
-10.598
-22.1009
-30.9547
-42.0969
-60.6016
-79.8217
-98.3264
-120.121
-128.416
-99.9887
-20.2751
108.861
244.14
296.364
221.099
79.8234
-51.8882
-128.598
-129.516
-73.2239
-8.00959
7.85381
-22.5674
-38.6357
-31.0607
-18.9828
-5.25781
1.6739
-0.119392
-0.840607
0.796898
-3.4915
-8.06069
-1.27319
13.7268
19.2239
4.28642
-14.0799
-11.2279
10.4837
20.4116
-6.8047
-62.3056
-117.803
-153.518
-126.953
7.11182
196.673
327.738
343.949
279.584
192.152
98.795
-1.205
-85.9925
-129.133
-130.12
-109.389
-89.4478
-75.0114
-63.2201
-50.1442
-32
-17
-8.99998
-5
-3.99998
-2.50288
0.491302
2.49129
3.49707
4
3.00003
2.00002
5.00002
11
0
0
-1.99998
-1.99997
-0.999985
0
0
0
2.00002
5.00002
4.99998
1.99998
-2
-5.00002
-8.00005
-11
-7.3587
2.42677
5.42677
-0.79332
-8.29803
-13.7268
-19.0835
-29.2998
-51.4478
-84.6659
-112.03
-129.184
-138.694
-113.49
-25.4251
96.2845
215.22
295.093
283.888
202.317
91.6736
-22.1063
-96.317
-119.531
-101.528
-65.1672
-42.0913
-26.7971
-7.36251
10.6413
23.7114
29.5652
29.8556
33.146
39.2143
31.0663
5.85001
-21.15
-45.2942
-74.5826
-94.9393
-90.0835
-86.5902
-110.306
-149.731
-160.875
-99.594
18.8993
168.601
297.874
313.079
246.288
181.791
105.725
6.8709
-67.7724
-100.131
-120.196
-134.469
-127.886
-106.307
-86.7344
-70.0893
-52.723
-39.1442
-30
-22.575
-15.725
-12.725
-14.575
-14.8558
-11.5674
-8.5674
-7.85579
-8.21252
-9.63756
-9.63756
-6.21251
-2.85577
0
0
-3.99998
-3.99997
-3.99998
-4
-4
-4
-3
-1.99998
-2.99997
-4.99998
-7
-7.99998
-8.99997
-11
-11.8558
-11.5674
-11.4232
-13.5674
-18.7875
-21.7951
-22.7951
-28.0759
-39.7893
-57.5786
-78.9429
-103.882
-129.18
-136.049
-106.634
-54.1407
21.5767
118.863
201.288
267.645
302.793
266.013
169.592
60.2428
-37.4708
-106.613
-127.894
-122.89
-116.317
-110.888
-108.744
-108.31
-103.085
-85.6547
-60.9451
-51.5201
-69.3076
-93.7364
-106.884
-117.816
-132.313
-143.882
-142.379
-101.379
-1.0266
136.326
263.823
347.535
361.239
306.797
216.58
117.937
45.791
-12.7744
-87.9831
-143.27
-148.552
-132.613
-125.884
-116.087
-94.7989
-72.448
-48.3038
-22.4346
-13
-23
-27.575
-22.725
-20.725
-22.575
-23.8558
-22.5675
-19.5675
-16.8558
-16.2125
-16.6375
-15.6375
-14.2125
-13.8558
0
0
6.99998
1.99995
-5.00005
-6.00002
-1
2
-3.05176e-05
-3.00005
-4
-2.99998
-1
-1
-2.99998
-4.99998
-11.0683
-21.2049
-26.129
-22.9848
-17.129
-14.4174
-18.4933
-27.3567
-35.723
-41.2355
-54.3114
-84.7382
-115.311
-135.744
-153.825
-150.981
-111.708
-42.8617
44.8519
130.002
213.078
295.076
335.577
320.009
255.582
164.374
92.3774
31.4495
-33.9034
-91.8313
-137.831
-167.256
-179.681
-173.323
-150.751
-130.323
-119.894
-101.038
-58.9697
-4.54467
45.8803
94.5216
152.878
222.662
290.446
334.586
332.296
285.224
210.869
138.795
100.082
54.8729
-29.9128
-99.3418
-125.765
-137.97
-149.243
-144.951
-114.454
-81.3817
-59.3058
-40.8712
-29.4366
-19.5828
-5.30203
2.98456
-2.29625
-16.2887
-26.2848
-22.2848
-9.71361
-2.57121
-10
-21
-16.8558
-6.56737
-4.42316
-3.4232
2.72296
0
0
1.99998
2.99997
0.999985
2
5
4
1.52588e-05
-1.99997
-0.999985
1
3
3
0
-2.99998
-7.06828
-14.2049
-19.2733
-17.129
-8.98483
-3.12903
-6.20491
-14.0683
-23.4346
-34.3037
-49.2355
-72.3018
-91.9431
-110.159
-144.877
-175.672
-171.476
-126.205
-59.7077
-9.13651
36.8635
110.577
187.357
238.635
293.491
349.708
353.28
314.358
269.292
225.286
192
174.937
155.228
127.518
116.808
123.808
141.736
174.021
216.378
258.803
291.3
319.3
343.083
337.08
284.505
203.933
128.793
76.5084
46.793
15.1459
-30.7858
-68.6358
-108.053
-151.478
-170.545
-159.459
-137.161
-115.444
-83.4462
-54.1616
-39.8712
-31.2904
-29.1462
-29.5828
-16.8732
3.84224
6.13264
-8.28857
-17.2848
-12.2848
0.286453
8.42886
6.00005
2.00002
6.1442
10.4326
6.57681
0.576859
-0.276947
0
0
-14.9999
-4.99994
3.00005
6.00002
3
-2.99998
-7.99995
-9.99995
-6.99998
-2
0
0
-1
-4
-8.99998
-12.8558
-12.5674
-11.279
-10.1348
-9.27901
-9.56743
-8.85583
-10.7096
-19.273
-32.4172
-45.2826
-55.7893
-72.8672
-103.085
-139.159
-162.67
-163.33
-149.558
-123.064
-80.9981
-28.4327
27.8481
80.2731
134.273
192.848
243.992
288.131
324.337
349.762
369.762
386.762
389.053
368.421
345.499
339.499
352.142
369.573
368.148
342.433
303.142
260.858
223.505
189.649
155.721
117.222
69.3662
18.0095
-34.7059
-84.205
-117.917
-141.125
-159.687
-167.675
-161.307
-145.731
-116.873
-78.6529
-59.1424
-53.4232
-45.4232
-39.4232
-34.7116
-29.1442
-22.7154
-16.7136
-11.7136
-6.57118
-2.78751
-1.3625
-2.36249
-3.78749
1.4288
11.2864
12.2864
4.4288
-4.70961
-15.1288
-27.1288
0
0
-16
-12
-8.00002
-5.00002
-3
-1
-2.99998
-8.99995
-9.99995
-4.99998
0
2
0
-4
-6.99998
-7.85576
-7.56735
-7.42316
-7.42316
-7.42317
-7.5674
-7.85582
-8.70964
-12.1288
-20.1288
-27.7096
-29.9317
-37.7951
-64.298
-101.37
-135.664
-162.397
-175.48
-174.267
-160.49
-133.285
-93.3606
-46.5048
-6.00189
27.926
68.4231
113.774
151.193
178.334
199.977
217.189
231.977
240.983
238.486
233.486
232.201
226.632
206.066
174.361
146.433
121.359
90.2903
53.8653
20.3662
-6.41749
-37.63
-76.4175
-116.63
-152.192
-171.396
-176.892
-174.958
-162.163
-139.228
-114.086
-91.7971
-73.4308
-62.5674
-54.4232
-43.4232
-33.4232
-27.7116
-23.1442
-18.1442
-15.5712
-12.1424
-6.5712
-3.78749
-3.36255
-4.36258
-7.78757
-9.57124
-7.71359
-5.71355
-5.57115
-7.70959
-11.1288
-15.1288
0
0
-11.0001
-15.0001
-16
-13
-5
3.99998
4.99997
-2
-4.99997
-2.99998
0
2
1
0
0.497086
1.34706
1.05865
-1.07974
-3.57681
-3.57677
-2.43257
-4.1442
-10
-18
-23
-24
-23.9999
-27.4288
-42.2864
-68.2181
-94.871
-118.315
-142.754
-169.327
-192.9
-205.757
-198.975
-174.696
-144.772
-113.994
-81.8597
-47.2222
-14.0818
10.9903
30.2749
47.2749
66.8499
92.1403
110.934
113.224
98.5807
70.2941
39.5046
18.4305
7.14969
-8.20321
-39.4878
-81.4878
-119.063
-146.135
-167.56
-187.628
-199.621
-196.681
-184.964
-166.894
-140.818
-111.668
-84.8027
-64.5027
-52.9902
-47.4152
-42.4152
-35.4152
-26.4152
-16.4152
-9.27103
-5.9826
-6.12877
-8.70958
-9.00002
-6.00002
-2
-1.00002
-4.00005
-8.00006
-6.49716
0.508652
3.50867
4.50287
6.99997
7.99997
8.99998
0
0
-3.00005
-8.00005
-11
-10
-4
3
5
2
0
0
-1
-1
3
7
8.06828
7.48946
6.48566
5.48767
2.99059
-0.720993
-3.43259
-5.1442
-6.99998
-8.99998
-11
-14
-21
-32
-43.4288
-53.8576
-62.9316
-74.5087
-95.9433
-125.304
-156.089
-183.594
-200.03
-200.753
-194.548
-191.338
-184.414
-167.992
-147.852
-128.423
-110.642
-96.2887
-86.7858
-75.6358
-59.0608
-48.9166
-58.4157
-82.7023
-102.346
-106.921
-106.848
-118.699
-144.342
-174.272
-197.625
-210.266
-215.981
-216.552
-206.549
-186.11
-163.6
-137.596
-107.881
-81.021
-61.0114
-49.2806
-40.4152
-31.5594
-25.7036
-19.5594
-12.4153
-7.41525
-4.271
-2.98257
-5.12878
-8.70959
-8
-3.00002
1.99998
3.00002
1.52588e-05
-3
-1.49709
2.50873
1.5087
-3.49712
-6.99998
-8.99997
-12
0
0
0
2
2
2
1
-1
0
3.99998
3.99997
0.999985
-1
-1
2.99998
7.99995
10.5712
10.7136
8.6377
5.34351
2.34349
-1.36234
-5.71523
-8.71521
-6.57681
0.699997
3.69423
-1.59418
-11.5942
-23.3058
-30.1616
-29.1616
-35.727
-55.8578
-71.9261
-83.1444
-99.579
-121.805
-145.528
-160.892
-174.397
-195.182
-210.184
-215.545
-216.332
-212.404
-207.476
-205.761
-208.192
-209.697
-204.843
-197.486
-195.342
-200.342
-206.052
-208.046
-215.258
-228.683
-235.18
-233.964
-227.459
-212.171
-191.958
-173.461
-155.105
-136.67
-120.873
-103.438
-83.7951
-66.3643
-53.5768
-45.0739
-37.0681
-28.7094
-22.8535
-18.7094
-16.0681
-16.0739
-16.5768
-16.5768
-14.4326
-9.14423
-3.78751
0.637527
3.63753
4.21252
2.42885
-0.713547
-4.71358
-10.5712
-16
-21
-27
-32.9999
-39.2124
0
0
1.52588e-05
7.00003
12
13
7
-2.99998
-4.99998
2.99997
5.99995
0.999985
-2
-1
0.999985
3.99998
6.85582
7.13863
4.77811
0.631897
-2.22392
-3.21814
-5.71523
-8.71521
-12.5768
-17.3
-17.3058
-16.5942
-20.5942
-24.3058
-22.1616
-14.1617
-22.727
-51.429
-64.1368
-58.8522
-58.7157
-72.0098
-94.1578
-113.304
-129.452
-147.243
-164.744
-182.884
-199.884
-211.457
-221.886
-233.814
-238.245
-234.251
-234.179
-236.748
-233.892
-229.892
-231.892
-240.173
-240.526
-224.526
-206.237
-189.021
-169.664
-151.095
-132.452
-117.733
-103.512
-84.8654
-72.15
-66.15
-57.5067
-45.2201
-32.5768
-21.5768
-17.218
-20.8593
-22.7152
-21.571
-23.0739
-23.5767
-21.5768
-21.1518
-16.5826
-5.71921
1.21249
3.6375
5.63751
6.21252
3.93175
0.795151
-1.2049
-3.06834
-4.00005
-4.00003
-5.00002
-7.57118
-9.21068
0
0
3.71521
3.71521
6.71523
4.71523
-0.284821
-1.28484
1.28639
5.42879
11
14
11
3.00002
-4.99998
-6.99995
-4.21245
-0.637482
4.2942
9.58263
11.2239
7.21811
-0.284775
-6.28477
-10.7136
-15.5712
-17
-16
-22.1442
-29.4326
-25.5768
-20.4326
-23.4346
-31.8712
-40.1615
-38.5904
-34.873
-44.1518
-60.4326
-77.1442
-89.4288
-95.7114
-107.565
-123.922
-136.351
-146.423
-158.423
-172.713
-177.935
-173.873
-175.953
-182.171
-186.315
-188.315
-184.315
-171.668
-153.45
-136.879
-122.947
-109.512
-100.434
-96.3565
-89.2786
-76.3469
-68.2047
-67.8462
-63.2732
-53.2732
-45.0607
-40.6357
-36.7136
-27.7973
-21.9473
-25.304
-24.1598
-17.0156
-15.8031
-19.0877
-19.5848
-16.5848
-15.4386
-17.9337
-17.7875
-13.425
-8.85001
-5.85001
-3.98846
-3.26526
-4.7623
-7.47969
-11.4096
-14.552
-11.9107
-4.4136
1.94307
0
0
3.71519
-0.284821
-0.28479
-2.28477
-3.28482
1.71515
5.28636
4.42877
8.99997
16
14
5.00002
-2.99998
-6.99998
-6.06833
-0.204926
7.72682
13.7268
13.2239
6.21812
-1.28477
-6.28481
-6.71361
-3.5712
-3
-6
-13.1442
-20.4326
-20.5768
-21.5768
-20.7229
-14.4442
-17.448
-23.8768
-29.3017
-39.1517
-48.4326
-58.1442
-64.7096
-64.1288
-66.9826
-73.271
-75.4152
-76.4152
-80.4152
-86.9902
-95.1402
-103.29
-106.44
-106.015
-109.015
-113.015
-108.015
-91.0152
-78.0873
-78.2315
-76.8007
-71.7949
-70.717
-69.4228
-63.5594
-53.9123
-46.6239
-46.5558
-45.2732
-36.2732
-28.0606
-28.6356
-33.7136
-33.2944
-28.0877
-23.5906
-18.5906
-13.5906
-12.0877
-15.5848
-18.5848
-17.0098
-18.0761
-22.9337
-23.575
-19.425
-14.5597
-9.97888
-5.62018
-4.48355
-8.271
-13.9826
-19.4096
-22.552
-19.8386
-11.6982
-4.84245
0
0
0
0
0
0
0
0
1
3.00003
5.00005
5.99998
4.99994
4.99995
5.99998
4.99998
4.99998
7.00003
7.00003
3.99998
-1.52588e-05
-2.99998
-4.99998
-6
-5.00002
-4.00005
-5.00003
-8
-11
-13
-15
-16.1442
-13.2884
-8.14417
-8
-14
-23
-33
-42
-48
-52
-55
-56
-56
-56
-56
-56
-56
-61
-70.4288
-74.2864
-72.7152
-70.7152
-69.7152
-69.7152
-69.7152
-65.4306
-56.8614
-52.5768
-52.5768
-50.5768
-45.4326
-41.1442
-39.7096
-33.4192
-21.7096
-16
-16
-16
-16
-16
-15.9999
-14.2904
-10.5808
-9.5808
-12.5808
-15.2904
-17
-19
-20
-18.7875
-15.575
-11.7875
-8.99997
-6.70964
-4.12886
-3.1288
-2.70956
-2.99998
-4.99998
-4.99995
-3.99998
-2.92795
0.144165
3.21629
0
0
0
0
0
0
0
0
0
0
0
0
0
0
0
0
0
0
0
0
0
0
0
0
0
0
0
0
0
0
0
0
0
0
0
0
0
0
0
0
0
0
0
0
0
0
0
0
0
0
0
0
0
0
0
0
0
0
0
0
0
0
0
0
0
0
0
0
0
0
0
0
0
0
0
0
0
0
0
0
0
0
0
0
0
0
0
0
0
0
0
0
0
0
0
0
