177.44
177.44
178.44
179.44
180.44
179.44
177.44
175.44
177.44
178.44
178.44
179.44
179.44
179.44
179.44
179.44
176.44
177.44
178.44
179.44
178.44
178.44
178.44
179.44
179.44
178.44
178.44
178.44
179.44
180.44
181.44
181.44
177.011
177.011
178.011
178.011
178.011
178.011
179.011
179.011
180.011
180.011
179.011
179.011
179.011
179.011
179.011
179.011
182.44
181.44
179.44
177.44
177.44
178.44
179.44
180.44
179.44
178.44
177.44
177.44
178.44
178.44
178.44
177.44
177.44
177.44
178.44
180.44
181.44
179.44
179.44
180.44
176.44
178.44
180.44
180.44
179.44
178.44
180.44
181.44
177.44
177.44
177.44
178.44
179.44
180.44
179.44
178.44
180.44
180.44
179.44
178.44
178.44
178.44
179.44
177.44
177.44
178.44
178.44
179.44
178.44
176.44
175.44
177.44
178.44
179.44
180.44
181.44
181.44
180.44
180.44
175.44
176.44
177.44
178.44
177.44
177.44
177.44
178.44
179.44
179.44
178.44
178.44
179.44
179.44
180.44
181.44
177.011
177.011
178.011
178.011
178.011
178.011
178.011
178.011
179.011
179.011
179.011
179.011
179.011
178.011
178.011
178.011
178.44
177.44
176.44
176.44
176.44
177.44
178.44
179.44
179.44
179.44
178.44
178.44
178.44
177.44
177.44
176.44
179.44
178.44
178.44
180.44
179.44
177.44
176.44
177.44
178.44
178.44
178.44
178.44
177.44
177.44
177.44
178.44
175.44
175.44
175.44
176.44
177.44
178.44
178.44
177.44
178.44
178.44
177.44
177.44
176.44
177.44
177.44
177.44
177.44
177.44
178.44
178.44
177.44
176.44
174.44
176.44
177.44
179.44
180.44
181.44
180.44
180.44
179.44
176.44
177.44
178.44
178.44
178.44
177.44
177.44
178.44
179.44
178.44
178.44
178.44
178.44
179.44
179.44
180.44
178.011
178.011
177.011
177.011
177.011
177.011
177.011
177.011
179.011
179.011
179.011
178.011
178.011
178.011
178.011
177.011
174.44
174.44
174.44
175.44
175.44
176.44
176.44
177.44
179.44
179.44
178.44
178.44
177.44
177.44
176.44
176.44
179.44
177.44
177.44
179.44
178.44
176.44
175.44
176.44
181.44
179.44
178.44
177.44
177.44
177.44
177.44
177.44
175.44
175.44
175.44
175.44
177.44
178.44
178.44
177.44
176.44
176.44
176.44
175.44
176.44
176.44
176.44
177.44
177.44
176.44
177.44
177.44
176.44
175.44
173.44
173.44
174.44
176.44
178.44
179.44
178.44
177.44
176.44
177.44
178.44
179.44
179.44
179.44
178.44
178.44
178.44
177.44
177.44
177.44
177.44
177.44
177.44
177.44
178.44
178.011
178.011
177.011
177.011
177.011
177.011
177.011
177.011
179.011
179.011
179.011
178.011
178.011
177.011
177.011
177.011
174.44
175.44
175.44
176.44
176.44
176.44
175.44
175.44
177.44
178.44
178.44
177.44
177.44
176.44
177.44
177.44
177.44
175.44
176.44
178.44
178.44
177.44
177.44
179.44
183.44
180.44
177.44
177.44
178.44
180.44
180.44
179.44
177.44
176.44
176.44
176.44
178.44
179.44
179.44
179.44
176.44
176.44
176.44
176.44
176.44
176.44
177.44
177.44
177.44
176.44
176.44
176.44
176.44
174.44
173.44
172.44
173.44
175.44
176.44
177.44
177.44
176.44
175.44
176.44
177.44
178.44
178.44
177.44
177.44
177.44
177.44
175.44
175.44
175.44
176.44
176.44
176.44
176.44
176.44
177.44
177.44
177.44
177.44
177.44
177.44
177.44
177.44
178.44
178.44
178.44
177.44
177.44
176.44
176.44
175.44
177.44
177.44
178.44
178.44
177.44
176.44
175.44
174.44
175.44
176.44
177.44
177.44
177.44
176.44
178.44
179.44
177.44
176.44
176.44
178.44
179.44
178.44
178.44
180.44
181.44
178.44
176.44
176.44
178.44
180.44
180.44
180.44
177.44
176.44
175.44
176.44
177.44
178.44
179.44
179.44
177.44
178.44
178.44
178.44
178.44
178.44
178.44
178.44
177.44
176.44
176.44
176.44
175.44
174.44
173.44
175.44
175.44
176.44
176.44
176.44
176.44
176.44
176.44
174.44
176.44
176.44
176.44
175.44
174.44
174.44
175.44
173.44
173.44
174.44
175.44
176.44
176.44
176.44
176.44
176.44
176.44
177.44
177.44
177.44
178.44
178.44
178.44
179.44
179.44
178.44
178.44
177.44
176.44
176.44
175.44
179.44
179.44
179.44
179.44
178.44
176.44
175.44
174.44
174.44
176.44
177.44
177.44
176.44
176.44
177.44
179.44
180.44
178.44
178.44
178.44
178.44
176.44
176.44
178.44
176.44
175.44
174.44
174.44
176.44
177.44
178.44
178.44
176.44
175.44
173.44
173.44
175.44
176.44
177.44
177.44
178.44
179.44
179.44
179.44
178.44
178.44
177.44
179.44
178.44
177.44
176.44
176.44
176.44
175.44
174.44
176.44
176.44
175.44
174.44
174.44
174.44
175.44
175.44
175.44
176.44
177.44
177.44
176.44
175.44
174.44
175.44
172.44
173.44
174.44
176.44
177.44
177.44
177.44
177.44
176.44
176.44
177.44
177.44
178.44
179.44
179.44
180.44
180.44
180.44
179.44
178.44
177.44
177.44
176.44
176.44
178.44
178.44
178.44
177.44
176.44
176.44
175.44
174.44
176.44
177.44
179.44
178.44
175.44
174.44
175.44
177.44
180.44
178.44
177.44
177.44
177.44
175.44
176.44
177.44
175.44
175.44
176.44
175.44
175.44
175.44
176.44
176.44
176.44
174.44
173.44
173.44
174.44
176.44
177.44
177.44
178.44
178.44
178.44
178.44
177.44
176.44
175.44
180.44
178.44
177.44
176.44
176.44
176.44
175.44
174.44
175.44
175.44
173.44
172.44
171.44
172.44
173.44
173.44
177.44
178.44
179.44
179.44
178.44
177.44
176.44
177.44
172.44
173.44
175.44
176.44
178.44
178.44
179.44
179.44
176.44
176.44
177.44
178.44
179.44
180.44
181.44
181.44
180.44
180.44
179.44
179.44
178.44
177.44
176.44
176.44
176.44
176.44
175.44
175.44
175.44
175.44
175.44
175.44
177.44
179.44
180.44
178.44
175.44
173.44
174.44
175.44
177.44
175.44
174.44
176.44
176.44
176.44
177.44
179.44
176.44
177.44
179.44
178.44
175.44
174.44
175.44
176.44
177.44
176.44
174.44
174.44
176.44
177.44
179.44
179.44
177.44
177.44
177.44
177.44
176.44
174.44
173.44
177.44
176.44
174.44
173.44
173.44
174.44
175.44
176.44
175.44
173.44
174.44
176.44
175.44
172.44
173.44
176.44
179.011
179.011
178.011
178.011
178.011
178.011
178.011
177.011
178.011
178.011
176.011
172.011
173.011
178.011
180.011
178.011
176.44
177.44
178.44
180.44
180.44
179.44
178.44
177.44
175.44
176.44
176.44
177.44
177.44
178.44
178.44
178.44
179.44
178.44
178.44
179.44
179.44
179.44
177.44
176.44
178.44
177.44
176.44
175.44
174.44
175.44
177.44
179.44
179.44
178.44
176.44
174.44
174.44
175.44
177.44
178.44
178.44
178.44
179.44
180.44
179.44
179.44
178.44
177.44
177.44
176.44
178.44
179.44
175.44
175.44
179.44
179.44
180.44
180.44
180.44
180.44
179.44
178.44
177.44
177.44
176.44
175.44
174.44
173.44
174.44
175.44
176.44
174.44
173.44
174.44
176.44
175.44
173.44
173.44
176.44
179.011
178.011
177.011
177.011
178.011
178.011
177.011
176.011
177.011
177.011
175.011
172.011
174.011
177.011
179.011
177.011
175.44
176.44
177.44
178.44
178.44
178.44
177.44
177.44
176.44
176.44
175.44
176.44
177.44
178.44
178.44
178.44
177.44
176.44
176.44
177.44
177.44
177.44
176.44
174.44
178.44
178.44
177.44
176.44
175.44
175.44
176.44
178.44
179.44
178.44
176.44
175.44
175.44
176.44
177.44
178.44
176.44
176.44
176.44
176.44
176.44
176.44
175.44
175.44
175.44
174.44
176.44
178.44
176.44
178.44
181.44
180.44
180.44
181.44
181.44
180.44
179.44
178.44
177.44
177.44
176.44
175.44
174.44
174.44
174.44
175.44
175.44
174.44
173.44
174.44
176.44
175.44
174.44
175.44
177.44
178.011
177.011
176.011
176.011
177.011
177.011
176.011
175.011
175.011
175.011
174.011
173.011
174.011
177.011
177.011
175.011
176.011
176.011
177.011
177.011
177.011
178.011
178.011
178.011
179.011
177.011
176.011
176.011
178.011
180.011
180.011
179.011
178.011
178.011
177.011
178.011
178.011
178.011
177.011
176.011
178.011
179.011
179.011
178.011
177.011
176.011
177.011
177.011
178.44
177.44
177.44
176.44
176.44
177.44
178.44
178.44
176.44
176.44
175.44
174.44
174.44
174.44
174.44
174.44
174.44
172.44
173.44
176.44
176.44
179.44
182.44
181.44
180.44
180.44
180.44
180.44
179.44
178.44
177.44
177.44
177.44
176.44
175.44
174.44
174.44
175.44
175.44
173.44
174.44
175.44
176.44
175.44
175.44
176.44
178.44
177.011
177.011
176.011
176.011
176.011
176.011
176.011
175.011
174.011
174.011
174.011
174.011
176.011
176.011
175.011
174.011
177.011
177.011
177.011
177.011
177.011
178.011
178.011
178.011
180.011
178.011
176.011
176.011
179.011
181.011
181.011
180.011
181.011
180.011
180.011
180.011
180.011
180.011
179.011
178.011
176.011
178.011
179.011
179.011
178.011
178.011
178.011
178.011
176.44
176.44
176.44
176.44
176.44
177.44
177.44
177.44
178.44
178.44
176.44
175.44
175.44
175.44
176.44
176.44
174.44
170.44
171.44
174.44
176.44
179.44
181.44
179.44
179.44
179.44
179.44
178.44
177.44
176.44
176.44
178.44
177.44
176.44
175.44
175.44
175.44
175.44
175.44
173.44
175.44
176.44
176.44
175.44
176.44
177.44
178.44
178.011
177.011
176.011
176.011
177.011
177.011
176.011
175.011
174.011
173.011
174.011
176.011
177.011
176.011
175.011
174.011
177.867
177.867
177.867
177.867
177.867
178.867
178.867
178.867
180.867
178.867
176.867
177.867
179.867
181.867
181.867
180.867
183.011
182.011
181.011
181.011
182.011
182.011
181.011
180.011
175.011
177.011
179.011
180.011
180.011
180.011
180.011
180.011
176.44
176.44
176.44
176.44
176.44
176.44
176.44
176.44
180.44
179.44
177.44
176.44
176.44
176.44
176.44
177.44
175.44
171.44
172.44
174.44
174.44
177.44
179.44
176.44
178.44
178.44
177.44
176.44
176.44
175.44
174.44
178.44
178.44
177.44
176.44
175.44
175.44
174.44
174.44
174.44
176.44
177.44
176.44
175.44
177.44
178.44
177.44
179.011
178.011
177.011
177.011
178.011
178.011
177.011
176.011
175.011
174.011
175.011
177.011
179.011
177.011
175.011
175.011
177.867
178.867
178.867
178.867
179.867
179.867
179.867
179.867
179.867
179.867
180.867
180.867
181.867
181.867
181.867
182.867
183.011
182.011
181.011
180.011
181.011
181.011
181.011
180.011
177.011
178.011
180.011
181.011
181.011
181.011
181.011
181.011
178.44
178.44
177.44
176.44
175.44
176.44
176.44
176.44
179.44
178.44
177.44
176.44
175.44
175.44
175.44
175.44
176.44
173.44
174.44
175.44
174.44
176.44
178.44
176.44
178.44
178.44
177.44
176.44
175.44
174.44
174.44
178.44
178.44
177.44
177.44
176.44
175.44
174.44
174.44
175.44
178.44
178.44
176.44
175.44
177.44
178.44
177.44
180.011
179.011
178.011
178.011
179.011
179.011
178.011
177.011
177.011
175.011
175.011
179.011
180.011
178.011
176.011
177.011
177.867
177.867
179.867
179.867
180.867
179.867
179.867
178.867
177.867
180.867
183.867
184.867
182.867
181.867
182.867
183.867
182.867
181.867
180.867
179.867
180.867
180.867
180.867
180.867
179.867
180.867
181.867
181.867
180.867
179.867
180.867
181.011
181.44
180.44
178.44
176.44
176.44
176.44
177.44
178.44
178.44
178.44
178.44
177.44
176.44
175.44
174.44
173.44
176.44
174.44
176.44
177.44
175.44
177.44
180.44
179.44
179.44
179.44
177.44
176.44
175.44
175.44
175.44
178.44
178.44
178.44
177.44
176.44
175.44
174.44
174.44
175.44
178.44
179.44
176.44
175.44
177.44
178.44
176.44
181.011
180.011
179.011
179.011
180.011
180.011
179.011
178.011
178.011
176.011
176.011
179.011
180.011
177.799
177.011
179.011
176.867
177.867
179.867
180.867
180.867
179.867
178.867
177.577
177.577
182.148
186.148
187.148
184.148
182.148
183.148
185.148
184.148
183.148
182.148
181.148
182.148
182.148
182.148
181.723
183.148
183.723
183.867
181.867
180.867
179.867
179.867
179.867
185.011
183.011
180.011
178.011
177.011
178.011
178.44
180.011
179.44
180.011
179.44
179.44
178.44
176.44
175.44
174.44
175.44
175.44
178.44
179.44
176.44
178.44
182.44
183.44
180.44
179.44
178.44
177.44
176.44
176.44
176.44
177.44
177.44
177.44
177.44
177.44
177.44
177.44
177.44
175.44
176.44
177.44
178.44
179.44
179.44
178.44
178.44
180.011
179.011
179.011
178.011
177.721
177.721
178.577
178.577
182.577
178.577
176.867
178.867
182.37
182.945
182.37
181.37
175.011
178.011
180.011
180.011
178.577
178.577
180.148
178.645
183.645
182.573
182.785
185.786
185.641
183.641
182.351
183.351
182.497
186.497
188
184
183
186
186.144
182.932
180.573
182.076
183.148
184.148
184.577
183.577
183.011
181.867
185.226
184.226
181.37
178.37
177.867
179.867
181.011
179.867
179.011
178.867
179.011
179.011
178.011
178.011
176.44
176.44
175.011
179.011
179.011
175.011
174.011
179.011
180.011
177.011
177.44
175.44
174.44
174.44
175.44
175.44
176.44
177.44
177.44
177.44
177.44
177.44
177.44
177.44
177.44
176.44
177.44
178.44
179.44
179.44
179.44
179.44
179.44
179.011
179.011
178.011
178.011
177.721
177.721
178.577
179.577
178.577
177.577
177.867
179.867
182.37
182.945
180.945
181.37
176.867
178.867
179.577
181.577
186.148
188.645
188.573
186.785
184.641
182.922
182.922
186.778
188.778
187.846
185.846
184.846
183.846
186.277
188.277
187.277
186.277
184.852
183.924
182.068
184.068
184
184.144
182.573
181.573
182.148
182.148
182.723
182.366
182.154
179.723
178.723
179.867
181.867
181.867
178.867
177.867
177.867
177.867
176.867
177.011
177.011
175.44
175.44
174.011
178.011
179.011
176.011
176.011
180.011
182.011
180.011
178.44
177.44
176.44
175.44
176.44
176.44
176.44
177.44
177.44
177.44
177.44
177.44
177.44
177.44
177.44
177.44
177.44
178.44
179.44
179.44
180.44
180.44
180.44
177.44
177.44
177.44
177.44
178.011
179.011
179.867
179.867
177.867
178.867
179.867
180.867
181.37
181.37
180.37
179.37
183.148
182.148
180.645
181.573
186.144
188.641
186.497
181.922
189.778
184.846
182.774
183.63
184.63
180.911
175.911
172.767
173.766
173.057
174.057
176.057
178.057
178.057
179.201
180.989
184.133
185.852
187.852
187.924
187.068
185
183
183.144
183.932
184.366
182.148
180.723
181.867
182.867
181.011
177.011
176.867
176.867
176.867
175.867
176.011
176.011
176.011
176.011
174.011
178.011
179.011
177.011
177.011
181.011
184.011
182.011
180.44
178.44
177.44
177.44
177.44
178.44
177.44
176.44
176.44
176.44
176.44
176.44
176.44
176.44
176.44
177.44
177.44
178.44
178.44
179.44
179.44
180.44
180.44
177.44
176.44
176.44
177.44
178.011
179.011
179.867
180.867
180.867
182.867
182.867
180.867
178.867
179.37
178.867
178.723
180.144
180.641
181.641
181.497
183.778
183.634
179.846
174.774
178.63
169.911
159.766
154.41
148.763
140.763
131.334
126.334
133.334
129.19
127.19
131.19
136.19
139.334
146.121
153.266
161.985
168.057
177.057
184.201
187.133
187.133
186.277
184.924
186
185.144
181.573
180.148
181.148
181.867
181.011
177.011
177.867
177.867
176.867
176.867
177.011
177.011
177.011
178.011
176.011
178.011
179.011
178.011
178.011
181.011
183.011
182.011
180.44
179.44
178.44
178.44
178.44
178.44
177.44
176.011
176.011
176.011
176.011
176.011
176.011
176.011
176.011
177.011
177.011
178.011
178.011
179.011
179.011
180.011
180.011
177.44
177.44
177.44
177.44
179.011
180.011
181.011
181.011
181.867
183.867
182.723
179.723
178.723
180.723
182.148
181.932
176.068
180.634
183.634
182.277
176.63
169.201
158.767
151.41
133.266
122.334
109.19
101.118
95.1859
88.1859
80.1859
75.0417
84.7513
78.7513
76.0417
79.0417
83.0417
86.1859
92.1859
98.3301
116.118
123.19
135.334
146.763
159.266
171.41
181.766
189.201
184.634
185.068
182.497
181.144
179.645
181.577
183.011
181.011
181.011
180.011
180.37
179.37
179.37
179.37
178.867
179.867
178.011
180.011
180.011
178.011
178.011
179.011
180.011
180.011
179.44
178.44
177.44
177.44
178.44
178.44
177.44
177.011
177.011
177.011
177.011
177.011
177.011
177.011
177.011
177.011
177.011
177.011
178.011
178.011
179.011
180.011
180.011
179.44
178.44
178.44
178.44
180.011
180.011
181.011
182.011
178.867
181.867
181.723
179.076
180.076
183.573
186.144
184.068
184.774
184.911
178.911
163.766
143.907
122.763
104.831
93.6868
83.3301
76.1859
69.7513
70.3225
72.1783
72.6754
72.6754
72.6754
77.3187
73.3187
70.3187
70.3187
70.6754
70.1783
68.8196
69.3225
75.7513
78.8955
86.0397
96.3301
111.687
133.687
157.831
172.763
178.911
184.277
187.634
186.497
185.641
184.645
184.577
183.867
183.011
183.011
181.37
180.37
179.37
179.37
179.867
179.867
180.011
180.011
179.011
178.011
177.011
176.011
177.011
178.011
177.44
176.44
176.44
177.44
178.44
178.44
177.44
178.011
178.011
178.011
178.011
178.011
178.011
178.011
178.011
178.011
178.011
178.011
178.011
178.011
179.011
180.011
181.011
181.011
181.011
180.011
180.011
179.44
180.44
180.44
182.011
178.867
181.723
182.076
181.144
182
185.497
184.068
178.277
171.41
161.334
140.831
115.687
94.6868
80.3301
69.8955
62.7513
73.3225
71.1783
70.6754
77.3187
83.1745
87.8841
92.4553
95.4553
93.8841
91.8841
88.8841
85.8841
86.0283
85.3187
81.1004
76.6754
70.8196
70.8196
70.9638
72.7513
79.8955
94.8955
113.04
125.687
144.763
158.767
175.055
184.774
186.778
186.641
185.573
185.148
183.867
182.867
180.867
178.867
178.011
178.011
178.011
179.011
179.011
178.011
178.011
177.011
176.011
175.011
175.011
177.011
176.44
176.44
176.44
177.44
179.44
179.44
178.44
179.011
179.011
179.011
179.011
179.011
179.011
179.011
179.011
179.011
179.011
178.011
178.011
179.011
180.011
181.011
182.011
182.011
182.011
181.011
181.011
180.44
180.44
181.44
182.011
179.867
184.148
184.144
181.497
183.924
185.277
178.63
169.766
132.687
115.896
90.8955
70.7513
64.9638
70.8196
79.6754
83.6754
89.0283
87.8841
88.8841
93.4553
94.9524
95.8082
96.8082
98.8082
99.9524
98.9524
94.9524
90.9524
91.8841
94.8841
93.0283
88.0283
86.0283
86.1004
83.1004
77.8196
71.5292
70.8196
74.6734
79.3926
95.6868
119.334
149.907
170.766
181.63
185.634
186.497
187.144
184.076
181.723
179.867
177.867
177.011
176.011
177.011
177.011
177.011
177.011
176.011
176.011
175.011
174.011
175.011
177.011
175.44
176.44
176.44
178.44
179.44
180.44
179.44
178.011
179.011
179.011
178.011
178.011
179.011
180.011
181.011
181.011
181.011
182.011
182.011
182.011
182.011
181.011
181.011
179.867
181.867
181.867
181.867
183.011
180.011
177.721
178.721
179.148
188.573
191.497
184.634
181.63
176.057
150.266
122.19
88.7513
73.6754
64.6754
73.3187
84.0283
90.0283
93.8841
99.8841
97.0966
97.9524
93.9524
97.8082
100.021
102.021
107.021
99.9486
103.021
100.021
100.808
90.8082
81.9524
91.9524
91.0966
89.0966
88.0966
89.5254
87.5254
87.1004
86.5975
78.1004
72.7417
78.5292
66.9638
79.7513
101.04
123.831
147.907
169.911
182.277
182.068
185
185.076
184.148
181.577
179.011
177.011
177.44
178.44
178.011
177.011
177.011
177.011
177.011
177.011
178.011
179.011
177.44
175.44
174.44
173.44
173.44
174.44
176.44
177.011
178.011
178.011
177.011
177.011
177.011
178.011
179.011
181.011
181.011
182.011
182.011
182.011
182.011
181.011
180.867
181.867
180.723
180.867
182.867
184.867
182.577
180.577
180.645
184.573
183.497
182.634
176.201
161.41
134.334
100.33
74.7513
73.3187
79.8841
90.4553
101.455
105.455
102.455
96.9524
94.9524
102.952
107.952
100.021
102.021
106.021
104.021
114.949
126.949
129.021
118.021
105.808
92.8082
103.952
129.952
122.097
98.0966
87.0966
93.0966
93.0966
92.0966
96.0966
96.0966
91.5254
91.5254
77.0283
71.3187
68.8196
78.8955
103.687
136.763
161.911
173.133
181.924
185
186.144
183.148
179.577
179.011
180.011
179.44
179.011
179.011
178.011
177.011
177.011
177.011
177.011
177.011
176.44
175.44
173.44
173.44
173.44
175.44
177.44
178.011
179.011
179.011
178.011
177.011
177.011
178.011
179.011
180.011
180.011
181.011
181.011
181.011
181.011
180.011
179.867
182.867
179.723
179.723
183.723
185.148
184.148
182.573
182.641
183.922
183.846
176.911
153.763
118.687
88.1859
72.3225
69.3187
89.4553
94.8082
97.8082
96.8082
96.8082
101.808
104.808
104.808
104.021
111.021
106.021
117.021
128.021
112.021
99.0207
101.021
110.021
120.021
127.808
106.808
97.8082
107.808
110.952
105.952
126.952
121.952
103.952
87.9524
89.9524
98.9524
100.952
96.9524
95.8082
91.4553
82.0283
73.6754
77.9638
99.0397
132.26
161.41
174.201
182.277
187.068
184.144
179.645
179.577
181.721
182.721
181.011
180.011
179.011
178.011
177.011
177.011
177.011
177.011
174.44
173.44
172.44
172.44
173.44
174.44
176.44
180.011
181.011
181.011
180.011
179.011
178.011
179.011
179.011
180.011
180.011
181.011
181.011
181.011
181.011
180.011
179.867
182.867
178.723
180.723
183.723
183.076
182.573
184.497
185.778
181.774
173.911
147.763
108.33
76.7513
70.6754
83.3187
96.4553
103.808
101.451
98.4515
99.4515
107.451
119.451
124.808
125.808
134.021
129.021
115.021
117.021
120.021
105.021
92.0207
85.0207
93.0207
99.0207
117.808
109.808
101.808
88.8082
87.9524
92.9524
101.952
101.952
97.9524
97.8082
108.808
116.808
110.808
99.4515
101.451
106.451
104.952
93.8841
80.1004
76.9638
94.8955
118.687
150.763
168.057
183.133
185.068
180.641
179.645
182.789
184.721
181.011
181.011
180.011
179.011
178.011
178.011
178.011
178.011
173.44
172.44
172.44
172.44
173.44
174.44
176.44
179.867
180.867
180.867
180.867
178.867
178.867
178.867
178.867
179.867
179.867
180.867
180.867
180.867
180.867
179.867
179.867
181.37
179.37
181.723
185.366
181.932
184
187.634
187.201
177.41
142.334
97.3301
69.3225
69.3187
84.8841
98.4553
104.311
104.451
105.307
110.451
121.451
127.451
123.451
115.451
110.451
101.808
97.8082
92.0207
92.0207
88.0207
93.0207
107.021
104.021
91.4495
87.4495
105.45
105.45
112.45
96.4495
93.4495
98.4495
77.4495
83.4495
94.0207
104.021
112.021
114.949
111.949
105.804
110.804
109.949
104.949
100.808
97.0966
86.0283
78.1004
80.7513
114.33
139.334
168.41
181.63
184.068
184.144
183.645
184.577
180.011
180.011
180.011
179.011
179.011
180.011
180.011
181.011
175.44
175.44
175.44
175.44
176.44
177.44
179.44
177.867
178.867
179.867
179.867
178.867
177.867
177.867
177.867
179.867
179.867
180.867
180.867
180.867
180.867
179.867
179.867
178.799
178.799
182.867
185.076
182
185.924
184.201
173.41
147.19
108.186
76.3225
80.3187
97.4553
104.311
106.239
110.239
122.307
120.307
119.451
117.451
109.452
100.451
98.4515
101.451
105.808
101.808
102.021
105.021
97.0207
101.021
111.021
96.0207
89.4495
94.4495
110.594
91.4495
100.594
95.4495
104.594
109.45
106.45
106.45
106.021
99.0207
88.9486
91.9486
104.804
113.804
123.804
117.804
105.949
103.949
108.808
101.952
87.0966
82.0283
84.3225
107.186
141.334
168.057
183.277
186.068
185.144
184.148
180.577
180.011
180.011
180.011
180.011
181.011
182.011
182.011
179.44
179.44
179.44
179.44
180.44
181.44
182.44
176.867
177.867
179.867
179.867
178.867
178.867
178.867
178.867
180.867
180.867
181.867
181.867
181.867
181.867
180.867
181.011
181.943
179.943
182.867
182.076
179.856
182.423
167.985
140.121
101.186
89.1783
91.3187
109.455
118.311
110.451
108.451
116.451
126.239
127.239
121.451
107.451
95.4515
95.4515
106.451
117.451
109.808
101.808
93.8082
98.8082
97.8082
98.8082
102.808
91.9524
97.5937
97.5937
102.738
73.5937
93.7379
98.5937
103.738
92.5937
102.594
105.45
108.021
102.021
94.9486
102.949
112.804
113.804
110.804
114.804
109.804
107.804
114.949
109.949
97.0207
92.9524
81.3187
88.3225
110.118
142.266
169.201
180.924
183
183.076
181.577
182.011
181.011
181.011
181.011
181.011
181.011
182.011
180.44
180.44
179.44
179.44
180.44
181.44
181.44
177.867
178.867
180.867
181.867
181.011
180.867
180.867
180.867
180.867
180.867
181.867
181.867
181.867
181.867
180.867
180.867
185.44
182.011
181.645
178.641
177.277
175.057
150.121
110.186
71.1783
82.1745
102.455
118.311
116.808
106.451
102.451
107.451
99.4515
114.239
122.451
114.451
104.451
101.451
99.4515
95.4515
97.8082
101.808
100.808
107.808
104.808
91.8082
91.8082
95.9524
95.5937
100.594
109.738
78.5937
96.7379
97.5937
102.594
91.5937
94.5937
97.4495
101.021
98.0207
100.949
114.949
115.949
100.804
89.8044
102.804
108.804
115.804
127.804
123.804
105.949
96.8082
92.8841
83.6754
88.8955
119.19
153.41
173.133
179.634
182.144
184.148
182.867
182.011
181.011
181.011
180.011
179.44
179.44
178.44
178.44
178.44
177.44
178.44
178.44
179.44
176.799
176.799
177.011
178.011
178.865
179.721
180.577
181.577
181.867
181.867
182.011
182.011
182.011
181.867
181.577
181.577
175.789
187.645
185.351
182.846
186.766
163.19
112.042
78.1783
82.1745
92.4553
102.311
103.808
102.021
103.021
110.021
116.021
90.8082
84.8082
106.808
126.808
113.808
104.808
111.808
111.808
102.808
99.8082
102.808
113.808
115.808
99.8082
92.8082
103.808
112.45
107.449
93.5937
85.4495
95.5937
105.45
102.45
94.4495
98.4495
103.021
96.0207
103.021
109.021
102.021
102.021
99.9486
99.8044
111.804
115.804
118.804
127.804
124.804
110.949
103.021
98.9524
94.5254
88.5292
92.8955
123.831
152.41
163.911
183.634
180.144
182.148
182.867
182.011
178.943
177.943
178.015
179.943
180.44
181.011
181.011
181.011
179.799
179.943
179.943
176.799
176.799
176.44
177.44
178.865
179.721
180.721
181.577
181.867
181.867
182.011
182.011
182.011
181.867
182.148
181.645
182.142
183.495
184.275
185.911
170.831
129.895
91.6754
81.1745
96.3111
103.311
108.808
109.808
110.021
113.021
114.73
114.021
105.021
102.808
100.808
101.808
110.808
120.808
117.808
105.808
95.8082
88.8082
85.8082
99.8082
118.808
117.808
103.808
96.8082
114.449
105.45
96.4495
97.4495
101.45
99.4495
96.0207
100.021
98.0207
104.021
97.0207
101.021
107.021
99.0207
100.021
105.949
109.949
113.804
108.804
100.804
99.8044
104.804
110.949
116.949
110.021
98.4495
89.5254
82.5292
97.0397
127.831
152.907
175.201
182.068
183.932
184.148
181.867
180.943
182.015
182.015
179.943
180.44
181.011
180.867
179.867
179.799
179.799
179.59
177.799
177.799
177.44
177.44
178.865
179.721
180.721
181.577
182.867
182.867
183.011
183.011
182.577
182.577
183.148
182.573
185.786
177.922
179.774
177.766
142.687
92.7513
77.3187
91.4553
98.8082
108.451
114.451
112.451
110.949
114.949
117.658
115.949
121.021
127.808
105.808
80.8082
87.8082
99.8082
98.8082
98.8082
107.808
104.808
99.8082
102.808
117.808
128.808
126.808
121.808
93.4495
91.4495
94.0207
103.021
107.021
98.0207
93.0207
100.021
97.0207
106.021
96.9486
98.9486
105.949
97.9486
97.9486
111.949
108.949
109.949
111.949
106.949
99.8044
101.804
107.804
109.949
114.949
110.021
110.097
93.1004
79.9638
99.0397
131.687
161.41
177.852
183.503
184.076
181.723
181.799
184.943
184.015
177.943
179.44
180.011
179.867
179.867
179.799
178.799
179.015
177.799
177.799
177.44
177.44
178.865
179.721
180.721
181.577
182.867
182.867
183.011
183.011
182.577
183.148
183.076
183.144
183.922
175.846
171.911
153.763
111.04
76.8196
82.8841
105.311
104.451
117.451
123.451
116.451
108.949
110.949
116.658
119.949
87.0207
106.808
109.808
106.808
113.808
112.808
110.808
121.808
119.808
118.808
109.808
95.8082
87.8082
87.8082
88.8082
88.8082
94.4495
99.4495
103.021
105.021
106.021
101.021
96.0207
96.0207
98.0207
105.021
96.9486
96.9486
107.949
100.949
96.9486
112.949
109.949
104.949
110.949
116.949
114.804
115.804
114.804
106.804
124.804
121.949
121.45
105.097
85.1004
87.9638
111.896
145.334
166.133
176.856
184.144
182.148
181.011
183.943
182.015
174.943
180.011
180.011
179.867
178.867
178.799
178.799
178.943
177.799
177.799
177.44
178.44
178.865
180.721
181.721
181.577
183.867
183.867
184.011
184.011
183.577
184.148
184.144
184
183.634
179.63
161.41
121.19
84.7513
82.3187
99.3111
110.307
118.804
124.804
124.804
111.804
99.8044
96.8044
99.2294
99.8044
107.949
114.451
119.451
124.451
124.451
116.451
108.451
107.451
114.451
110.451
108.451
107.451
106.451
104.451
102.451
100.451
106.021
108.021
107.021
107.021
109.021
105.021
99.9486
99.9486
97.9486
103.949
98.9486
97.9486
109.949
106.949
97.8044
107.949
116.949
104.021
103.451
109.452
110.804
116.804
123.376
120.376
131.085
123.804
113.949
101.952
95.8841
90.6754
97.8196
128.33
149.057
167.924
184
184.076
179.867
180.011
179.943
175.943
178.799
178.799
178.867
178.867
178.799
177.799
177.943
177.799
177.799
177.44
178.44
179.865
180.721
181.577
182.577
183.867
183.867
184.011
183.867
184.148
184.076
184
183.924
183.63
178.41
143.334
94.1859
76.6754
94.4553
110.451
108.163
100.376
102.376
103.376
103.804
106.804
111.804
115.229
114.804
123.949
117.451
113.451
108.451
102.451
106.451
109.452
103.451
111.451
104.451
105.451
109.452
108.451
107.451
109.452
109.452
112.021
111.021
114.021
124.021
126.021
112.021
100.949
102.949
98.9486
102.949
102.949
100.949
108.949
110.949
101.804
103.804
112.949
106.021
107.451
111.451
108.804
106.804
112.376
116.376
112.085
119.085
119.804
110.949
104.952
92.8841
88.1004
111.896
135.41
158.133
178.924
183.144
179.148
178.011
177.44
178.943
178.799
178.799
178.867
177.867
177.799
177.799
177.943
179.011
179.011
178.44
178.44
179.721
180.721
181.577
182.577
185.011
185.011
184.721
184.577
184.645
185.144
185.068
185.277
174.767
158.334
115.33
81.3225
85.8841
106.451
113.163
112.231
114.231
111.231
111.376
116.376
118.804
117.804
115.229
113.804
108.949
109.452
112.451
111.451
107.451
111.451
111.451
104.451
109.452
106.451
108.451
110.451
106.451
109.452
118.451
123.451
126.949
127.949
127.949
129.949
126.949
111.949
98.9486
98.9486
99.8044
102.804
109.804
102.804
103.804
111.804
105.804
101.804
105.949
107.949
112.949
117.949
115.804
105.804
106.376
116.376
110.085
127.085
140.229
127.949
116.021
105.952
95.0966
97.8196
126.334
146.057
168.277
177.068
176.076
174.867
177.011
179.44
178.799
177.799
177.799
177.799
177.799
176.799
176.943
179.011
179.011
178.44
178.44
179.721
180.721
181.577
182.577
185.011
185.011
184.721
184.577
184.645
185.144
185.068
185.133
164.266
136.33
92.3225
77.3187
97.8082
113.307
114.231
119.087
114.087
112.087
115.231
119.376
116.804
107.804
103.229
102.804
115.949
107.451
101.451
104.451
109.452
109.452
104.451
100.451
112.451
111.451
117.451
123.451
125.451
133.452
138.451
133.452
124.949
127.949
116.949
99.9486
94.9486
96.9486
98.9486
99.9486
99.8044
102.804
114.804
104.804
98.8044
110.804
109.804
102.804
110.949
110.949
106.949
108.949
114.804
112.804
120.376
141.376
139.085
143.085
147.229
131.658
125.021
130.021
112.594
90.1004
121.33
138.266
158.201
169.634
172.144
172.148
175.011
178.44
177.799
177.799
177.799
177.799
176.799
176.799
176.943
179.011
179.011
180.011
180.011
180.721
179.721
179.867
179.867
181.011
183.011
183.721
181.577
179.573
184.497
183.634
175.057
162.19
105.751
83.6754
95.4553
106.451
116.376
117.512
117.512
117.512
119.512
116.231
111.376
110.804
113.804
106.804
96.8044
108.804
104.804
103.804
105.804
109.804
112.804
116.804
121.804
127.804
129.804
133.804
133.804
127.804
125.804
122.804
117.804
104.949
93.9486
88.9486
89.9486
92.9486
98.9486
104.804
105.804
100.804
107.804
111.804
109.804
108.804
111.804
110.804
105.804
108.804
119.804
96.8044
107.804
113.804
120.804
123.804
126.804
112.229
110.229
116.658
104.658
141.73
141.021
98.5937
95.5254
99.7513
116.687
141.41
161.63
170.497
173.573
177.577
175.011
176.943
177.943
177.799
176.799
178.011
179.011
182.011
179.011
179.011
180.011
180.011
180.721
179.721
179.867
179.867
181.011
182.011
183.721
181.577
180.786
184.068
182.277
170.985
146.33
100.82
90.0283
103.808
113.804
120.231
119.512
118.44
115.512
119.512
120.231
115.376
108.804
105.804
102.804
100.804
109.804
111.804
111.804
112.804
120.804
133.804
142.804
145.804
136.804
127.804
119.804
112.804
104.804
103.804
107.804
106.804
97.9486
93.9486
95.9486
100.949
102.949
104.949
107.804
105.804
109.804
118.804
122.804
115.804
107.804
105.804
105.804
105.804
103.804
107.804
110.804
121.804
105.804
115.804
117.804
101.804
92.2294
98.2294
105.658
98.6582
134.73
133.73
104.449
100.525
98.6754
111.896
132.334
153.767
168.634
174.573
175.577
177.011
178.943
178.943
177.799
176.799
176.011
176.011
178.011
179.011
179.011
180.011
181.011
180.721
180.721
180.867
179.867
182.011
182.011
182.721
180.577
180.641
183.924
177.989
164.266
123.895
93.6754
94.8841
109.808
116.804
120.941
119.512
118.44
118.512
115.512
113.231
113.376
112.307
114.307
124.451
133.452
123.804
120.804
112.804
109.804
118.804
130.804
130.804
120.804
117.804
108.804
105.804
106.804
104.804
103.804
105.804
105.804
91.9486
94.9486
102.949
108.949
108.949
108.949
109.804
105.804
109.804
111.804
110.804
104.804
102.804
106.804
109.804
109.804
115.376
108.376
112.804
116.804
109.307
129.307
123.949
103.949
99.2294
110.229
111.658
105.658
122.021
105.021
97.4495
104.097
97.0283
104.82
117.33
138.907
164.774
173.641
172.148
177.011
178.943
178.943
177.799
176.799
175.867
175.867
178.011
179.011
179.011
180.011
181.011
180.721
180.721
180.867
180.867
183.011
182.011
181.721
181.645
181.497
183.277
172.057
153.121
104.751
90.1004
100.097
112.808
115.085
117.941
117.512
118.44
120.512
112.231
110.376
119.163
129.307
135.307
142.452
149.452
155.949
151.804
140.804
125.804
115.804
106.804
92.8044
78.8044
91.8044
86.8044
92.8044
104.804
107.804
104.804
102.804
100.804
93.9486
98.9486
106.949
108.949
106.949
108.949
110.804
106.804
120.804
120.804
116.804
109.804
107.804
112.804
118.804
121.804
125.376
116.376
108.804
107.804
131.307
142.307
110.949
101.949
105.229
110.229
106.658
112.658
122.949
95.0207
99.0207
105.952
96.9524
98.0283
104.895
124.763
156.63
170.497
168.148
176.867
177.943
177.943
178.799
177.799
177.867
178.867
181.011
178.011
179.011
180.011
181.011
181.867
181.867
181.867
181.867
184.011
181.44
181.721
181.645
182.497
181.277
162.985
139.19
94.9638
93.0283
110.097
118.808
118.229
119.941
117.512
118.512
117.231
116.231
124.376
137.307
142.452
134.239
122.311
116.451
116.949
125.949
134.949
134.949
124.949
113.949
109.949
111.949
104.949
95.9486
95.9486
102.949
102.949
100.949
101.949
101.949
99.9486
104.949
109.949
108.949
106.949
110.949
113.949
108.949
126.949
131.949
133.804
126.804
117.804
113.804
115.804
118.804
114.085
114.085
113.804
117.804
150.452
146.451
111.451
117.451
119.804
118.804
109.804
117.804
132.804
113.949
118.451
107.808
100.808
97.0966
102.964
117.831
148.201
168.068
166.573
176.867
176.943
176.943
177.799
177.799
177.867
178.867
179.867
178.011
179.011
180.011
181.011
181.867
181.867
181.867
181.867
183.44
180.44
180.218
181.645
182.922
177.133
152.41
123.19
91.9638
100.028
121.097
127.021
124.229
124.085
117.941
116.512
114.231
124.376
134.307
135.307
125.239
110.239
95.3111
87.3111
95.9486
99.9486
109.949
119.949
122.949
118.949
115.949
116.949
118.949
109.949
105.949
106.949
104.949
104.949
108.949
109.949
103.949
107.949
111.949
110.949
111.949
119.949
120.949
111.949
107.949
109.949
114.804
121.804
127.804
126.804
120.804
114.804
112.085
107.085
115.804
116.804
126.451
123.451
131.451
149.452
140.804
139.804
126.804
110.376
111.804
109.804
126.307
113.307
107.949
99.9524
108.529
116.396
138.911
164.068
167.573
175.867
174.44
175.943
176.799
175.799
175.867
175.867
175.867
178.011
179.011
180.011
181.011
181.867
182.867
182.867
182.867
182.44
179.44
178.218
180.645
181.922
172.133
141.41
108.19
90.9638
102.1
122.097
124.021
121.229
123.085
117.941
114.941
117.376
130.376
133.307
118.451
101.311
97.3111
98.3111
98.3111
105.949
102.949
99.9486
103.949
112.949
118.949
116.949
111.949
109.949
106.949
107.949
108.949
106.949
107.949
109.949
107.949
105.021
107.021
108.021
108.021
113.949
128.949
130.949
119.949
104.949
99.9486
99.9486
109.949
123.804
131.804
130.804
127.804
124.229
114.229
117.804
112.804
106.451
100.451
132.452
142.452
130.804
122.376
117.376
95.2314
93.1631
99.1631
121.163
117.163
111.804
102.021
115.1
117.04
126.766
155.778
165.573
171.867
172.44
173.943
174.799
175.799
174.867
174.867
175.867
178.011
179.011
180.011
181.011
181.867
182.867
182.867
182.867
182.011
178.011
177.721
179.645
180.068
168.201
135.266
99.3301
89.8196
100.525
116.952
114.949
111.804
118.376
115.085
114.376
121.376
133.804
131.451
109.452
94.8082
102.311
113.808
118.451
102.949
106.949
104.949
96.9486
96.9486
107.949
119.949
123.949
114.949
114.949
116.949
114.949
108.949
108.949
109.949
105.949
104.949
105.021
103.021
102.021
112.949
132.949
137.949
127.451
117.949
115.949
109.949
101.949
96.8044
101.804
118.804
134.804
124.229
126.229
130.804
134.804
136.452
120.451
137.451
124.307
121.804
96.3756
100.376
101.231
113.734
116.734
120.734
113.376
111.804
102.021
119.028
114.895
118.41
148.634
162.573
165.577
171.011
171.943
173.799
175.799
177.011
177.867
179.867
176.721
178.721
181.011
182.011
181.37
179.37
176.867
176.867
178.37
177.867
178.867
181.076
179.924
162.057
130.334
100.751
97.8841
107.808
116.451
114.307
110.307
111.307
113.804
114.804
127.804
131.949
117.949
99.9486
101.949
109.452
111.949
113.949
112.949
103.949
102.949
100.949
93.9486
101.949
118.949
123.949
115.949
111.949
111.949
111.949
108.949
108.949
107.949
102.949
102.949
104.949
103.949
107.949
116.451
119.451
116.808
117.311
111.808
106.808
113.451
116.451
105.949
103.949
116.804
124.804
119.949
124.949
121.949
112.949
106.949
105.949
111.804
121.804
122.804
125.376
115.376
108.376
114.376
115.376
113.376
119.376
110.804
117.451
103.884
125.751
90.7627
147.63
155.497
165.645
171.011
171.44
172.943
173.799
175.011
175.011
176.011
172.721
174.721
178.011
180.011
180.37
180.37
180.867
180.867
179.37
178.37
177.723
179.932
175.852
155.985
122.687
96.8196
100.455
111.451
118.307
116.307
112.307
114.307
117.307
119.307
118.949
120.949
107.949
95.9486
103.949
112.949
113.804
113.804
112.949
103.949
103.949
102.949
94.9486
98.9486
111.949
115.949
114.949
111.949
110.949
111.949
108.949
107.949
106.949
102.949
105.804
108.804
109.949
112.949
117.451
115.451
109.311
108.311
106.311
116.311
112.451
103.451
114.949
133.949
129.804
111.804
108.949
108.949
104.949
100.949
98.9486
95.9486
99.8044
109.804
113.804
126.804
121.376
109.376
114.376
121.376
119.376
118.376
113.804
113.451
98.8841
124.322
92.3339
141.201
152.922
166.645
170.721
172.44
174.943
175.943
177.011
177.011
177.44
170.721
172.721
176.011
178.011
178.867
179.867
180.867
181.867
179.867
177.867
177.723
177.932
169.852
147.985
115.687
91.8196
102.455
113.451
121.307
119.307
114.307
116.307
121.307
124.307
120.949
119.949
106.949
99.9486
109.949
117.949
111.804
107.804
113.949
104.949
105.949
105.949
97.9486
95.9486
103.949
108.949
114.949
111.949
112.949
112.949
109.949
108.949
107.949
103.949
104.804
109.804
111.949
112.949
113.451
106.451
97.8082
95.8082
101.808
111.808
119.451
126.451
124.949
102.949
89.8044
98.8044
112.949
105.949
99.9486
102.949
110.949
107.949
100.804
99.8044
111.804
123.804
118.376
104.376
106.376
114.376
116.376
117.376
116.376
109.307
97.4553
124.178
97.1897
135.201
148.922
163.645
167.721
170.44
173.943
176.943
178.011
178.011
178.44
173.721
174.721
175.721
177.011
176.867
176.867
177.867
178.867
179.867
177.867
177.723
177.932
166.852
140.985
110.687
91.8196
104.455
114.451
122.307
119.307
115.307
117.307
122.307
125.307
119.949
118.949
107.949
103.949
113.949
116.949
108.804
103.804
116.949
107.949
106.949
108.949
101.949
96.9486
101.949
106.949
114.949
112.949
113.949
114.949
110.949
109.949
109.949
105.949
103.804
108.804
109.949
108.949
108.451
102.451
95.8082
94.8082
108.808
113.808
115.451
116.451
116.949
112.949
113.804
123.804
107.949
116.949
122.949
124.949
124.949
119.949
114.804
114.804
129.804
133.804
130.376
122.376
118.376
115.376
115.376
121.376
115.376
108.307
99.4553
124.178
102.19
130.057
147.778
158.645
164.721
167.44
171.943
174.943
177.011
178.011
177.44
173.218
174.721
175.721
176.721
175.867
175.867
176.577
176.577
179.867
176.867
179.148
179.144
166.277
138.41
110.396
95.8196
105.455
114.451
120.307
118.307
115.307
117.307
120.307
122.307
106.949
107.949
102.949
102.949
111.949
111.949
105.804
104.804
115.949
108.949
105.949
106.949
101.949
98.9486
101.949
107.949
112.949
111.949
113.949
113.949
109.949
108.949
108.949
105.949
105.804
108.804
107.949
106.949
108.451
105.451
102.808
105.808
105.808
112.808
131.451
140.451
129.949
118.949
115.804
112.804
113.949
116.949
116.949
125.949
146.949
158.949
147.804
132.804
92.8044
100.804
108.376
113.376
118.376
121.376
123.376
127.376
115.231
108.163
101.311
118.822
100.118
122.057
147.778
154.573
162.721
165.44
170.943
173.943
176.011
177.011
177.44
170.218
172.218
174.721
176.721
176.867
176.867
177.577
178.577
178.867
175.867
179.148
180.144
164.277
135.41
110.396
100.82
106.952
115.451
119.307
118.307
116.307
117.307
118.307
116.307
101.949
103.949
100.949
102.949
110.949
109.949
103.804
106.804
110.949
107.949
104.949
102.949
100.949
100.949
103.949
106.949
109.949
108.949
111.949
111.949
107.949
105.949
105.949
103.949
102.804
104.804
102.949
101.949
106.451
106.451
105.808
108.808
111.808
100.808
106.451
109.452
97.9486
99.9486
121.804
137.804
115.949
105.949
91.9486
96.9486
124.949
142.949
129.804
108.804
116.804
123.804
124.376
117.376
121.376
134.376
137.376
131.376
115.231
107.163
102.311
113.822
98.1176
111.985
146.634
153.573
163.721
166.44
170.943
173.943
176.011
177.011
177.44
168.218
171.218
174.721
176.721
177.577
178.577
178.577
178.577
176.577
174.577
178.148
179.144
162.277
131.41
108.396
102.82
110.952
116.451
120.307
119.307
119.307
119.307
116.307
112.307
108.949
108.949
103.949
106.949
114.949
110.949
104.804
108.804
107.949
108.949
105.949
101.949
101.949
104.949
105.949
105.949
108.949
107.949
111.949
112.949
107.949
105.949
105.949
103.949
98.9486
100.949
99.9486
100.949
104.949
104.949
100.949
101.949
103.949
106.949
98.9486
87.9486
97.9486
121.949
122.949
102.949
128.949
129.949
123.949
114.949
107.949
104.949
109.804
118.804
134.804
133.804
126.376
116.376
121.376
136.376
139.376
129.376
116.231
105.734
105.239
118.677
105.689
104.985
144.634
154.573
163.721
165.44
168.943
171.943
173.44
175.44
176.512
169.218
171.218
175.721
177.721
178.577
178.577
177.577
177.577
175.577
173.577
177.148
178.144
160.277
128.41
106.396
102.82
112.952
118.451
121.307
120.307
121.307
121.307
116.307
109.307
110.949
107.949
102.949
106.949
116.949
112.949
106.804
110.804
106.949
110.949
108.949
103.949
104.949
108.949
107.949
105.949
109.949
109.949
113.949
114.949
109.949
107.949
107.949
105.949
99.9486
101.949
101.949
103.949
108.949
105.949
97.9486
95.9486
106.949
105.949
100.949
103.949
109.949
103.949
98.9486
107.949
121.949
116.949
111.949
111.949
111.949
107.949
114.804
130.804
126.804
118.804
114.376
114.376
119.376
121.376
114.376
104.231
115.231
103.734
110.239
129.677
116.689
104.556
141.634
154.144
162.721
164.44
166.943
168.943
170.44
172.44
174.512
164.218
170.218
176.721
178.721
178.577
178.577
176.577
174.577
175.577
178.577
177.148
173.144
158.277
125.41
100.396
100.82
114.952
123.451
124.307
122.307
123.307
121.307
115.307
110.307
110.949
108.949
97.9486
115.949
112.949
107.949
103.804
111.804
114.949
108.949
107.949
110.949
113.949
115.949
110.949
100.949
102.949
107.949
108.949
110.949
107.949
106.949
110.949
102.949
100.949
98.9486
102.949
105.949
103.949
105.949
104.949
96.9486
104.949
110.949
103.949
103.949
120.949
120.949
106.949
102.949
104.949
107.949
114.949
116.949
112.949
102.949
121.804
105.804
100.804
115.804
105.376
119.376
133.376
108.376
99.3756
110.231
119.231
119.734
110.239
135.677
109.689
117.556
130.634
151.144
156.721
164.44
170.943
171.943
170.44
171.44
172.512
164.218
170.218
175.721
177.721
177.577
177.577
176.577
175.577
177.577
179.577
179.148
176.144
162.277
130.41
105.396
105.82
110.952
120.451
122.307
121.307
123.307
122.307
116.307
112.307
113.949
112.949
100.949
114.949
111.949
108.949
104.804
111.804
110.949
107.949
108.949
111.949
112.949
114.949
109.949
100.949
104.949
108.949
106.949
107.949
104.949
102.949
107.949
100.949
98.9486
98.9486
103.949
108.949
108.949
110.949
111.949
106.949
106.949
106.949
104.949
101.949
101.949
109.949
116.949
117.949
113.949
110.949
124.949
116.949
113.949
106.949
109.804
101.804
107.804
97.8044
100.376
116.376
114.376
109.376
118.376
119.376
120.231
118.734
115.239
136.677
102.689
111.985
130.634
145.573
155.721
162.44
169.943
171.943
170.44
171.44
172.512
164.218
169.218
174.721
175.721
175.867
176.867
176.577
175.577
178.867
180.867
179.148
177.144
165.277
135.41
110.396
107.82
106.952
116.451
120.307
119.307
122.307
121.307
116.307
112.307
120.949
121.949
108.949
118.949
114.949
114.949
110.804
114.804
107.949
107.949
111.949
113.949
114.949
114.949
110.949
101.949
107.949
109.949
107.949
109.949
105.949
104.949
110.949
105.949
94.0207
95.0207
100.949
105.949
106.658
108.658
113.229
112.229
107.229
100.229
108.658
110.658
101.949
117.949
142.021
143.021
116.949
106.949
118.949
100.949
105.949
110.949
108.804
114.804
106.804
112.804
130.376
124.376
115.376
138.376
147.376
133.376
121.231
115.163
121.311
136.822
95.1176
107.985
134.634
143.573
154.721
162.44
169.943
172.943
174.011
174.011
174.44
163.218
167.721
171.721
172.721
172.867
174.867
175.577
174.577
177.867
178.867
177.148
175.144
165.277
137.41
110.396
105.82
107.455
116.451
120.307
119.307
120.307
118.307
113.307
110.307
113.949
117.949
104.949
112.949
110.949
112.949
107.804
106.804
106.949
109.949
115.949
117.949
116.949
116.949
112.949
103.949
104.949
107.949
106.949
111.949
109.949
108.949
114.949
109.949
94.0207
96.0207
99.9486
102.949
104.658
106.658
112.229
116.229
114.229
101.229
103.658
103.658
89.9486
94.9486
106.021
97.0207
98.9486
100.949
114.949
107.949
119.949
116.949
109.804
109.804
97.8044
126.804
147.376
127.376
127.376
141.376
129.376
126.376
119.231
113.163
125.311
132.822
89.1176
108.057
140.778
145.573
155.721
163.44
170.943
174.943
177.011
178.011
177.44
161.721
166.721
169.721
171.011
170.867
172.867
174.867
173.867
175.867
176.867
172.723
170.932
162.852
135.985
107.687
99.8196
108.455
118.451
122.307
120.307
119.307
116.307
110.307
107.307
105.949
112.949
101.949
111.949
110.949
112.949
105.804
102.804
105.949
110.949
116.949
117.949
115.949
115.949
111.949
101.949
99.9486
102.949
104.949
111.949
109.949
106.949
111.949
106.949
98.0207
99.0207
100.949
103.949
106.658
107.658
113.229
120.229
115.229
107.229
105.658
105.658
101.949
103.949
107.021
103.021
109.949
117.949
115.949
112.949
120.949
106.949
110.804
102.804
104.804
114.804
125.376
123.376
131.376
119.376
96.3756
116.376
116.376
114.307
126.455
120.178
84.1897
107.057
140.778
144.645
155.721
162.44
169.943
173.943
176.011
178.011
177.44
160.721
165.721
170.011
171.011
170.867
172.867
173.867
173.867
174.867
174.867
170.723
168.932
162.852
137.985
107.687
96.8196
108.455
119.451
123.307
121.307
119.307
115.307
109.307
107.307
106.949
112.949
102.949
115.949
115.949
117.949
108.804
105.804
104.949
109.949
115.949
115.949
112.949
113.949
108.949
96.9486
100.949
103.949
105.949
113.949
111.949
106.949
109.949
105.949
93.0207
94.0207
94.9486
99.9486
104.658
104.658
107.229
114.229
114.229
112.229
105.658
101.658
100.949
99.9486
104.021
112.021
127.949
127.949
112.949
102.949
103.949
92.9486
112.804
104.804
112.804
101.804
103.376
112.376
123.376
120.376
112.376
120.376
115.376
118.307
124.455
104.178
81.1897
106.201
133.922
141.645
153.721
159.44
164.943
168.943
172.011
175.011
175.44
160.721
165.721
171.011
172.011
173.37
175.37
174.867
174.867
176.37
176.37
170.723
169.932
166.852
142.985
112.687
99.8196
105.455
117.451
123.307
121.307
121.307
118.307
113.307
111.307
105.949
108.949
98.9486
112.949
112.949
113.949
105.804
103.804
105.949
110.949
114.949
113.949
110.949
111.949
105.949
92.9486
102.949
103.949
105.949
113.949
112.949
107.949
111.949
108.949
94.0207
96.0207
97.9486
103.949
109.658
105.658
101.727
105.726
110.727
108.727
106.658
104.658
102.949
101.949
107.021
115.021
109.949
108.949
115.949
110.949
107.949
99.9486
108.804
98.8044
102.804
102.804
101.376
110.376
120.376
129.376
132.376
118.376
113.804
125.451
121.884
91.3225
84.3339
110.201
130.922
144.645
153.721
157.44
162.943
165.943
169.011
173.011
173.44
161.865
166.721
172.011
174.011
174.867
175.867
176.867
175.867
176.867
177.867
172.867
171.932
169.924
148.201
117.763
103.895
100.884
113.808
121.451
121.307
122.307
120.307
116.307
115.307
111.949
112.949
100.949
114.949
115.949
114.949
107.949
107.949
108.949
112.949
115.949
113.949
110.949
112.949
105.949
91.9486
98.9486
99.9486
100.949
109.949
108.949
105.949
112.949
110.949
107.021
110.021
112.021
119.949
124.949
116.658
107.229
108.229
107.229
102.229
103.658
107.949
104.949
101.949
102.021
100.021
101.949
93.9486
119.949
111.949
108.949
110.949
112.949
108.804
101.804
112.804
112.376
130.231
139.376
126.376
125.376
117.376
112.804
128.808
120.028
82.8955
88.7627
115.774
132.641
151.645
155.011
158.44
161.943
164.943
169.011
173.011
174.44
157.512
160.44
165.721
170.721
172.577
173.577
174.577
174.577
175.721
176.577
172.577
173.573
167.497
152.634
132.201
102.334
99.3225
113.455
125.311
118.451
117.307
122.376
116.804
115.804
116.804
107.804
105.804
110.949
113.658
111.73
108.874
106.73
107.949
114.804
116.949
115.949
112.949
102.949
97.0207
102.021
102.021
98.0207
98.9486
104.949
108.949
109.949
114.804
121.949
124.808
134.808
138.808
128.808
112.451
100.949
100.949
103.949
106.804
100.804
94.8044
102.307
103.307
100.307
105.451
101.949
111.949
105.658
112.73
102.73
114.021
107.021
106.021
106.949
103.229
110.085
115.941
143.512
135.941
132.941
118.941
106.376
115.804
128.311
102.82
76.6868
97.0549
121.922
130.573
142.577
156.867
159.799
163.799
165.799
167.799
171.799
173.44
156.512
160.44
165.865
169.721
172.577
173.577
174.577
174.577
177.721
177.721
170.789
170.645
167.641
156.068
133.277
100.41
103.751
109.319
118.455
118.239
122.307
121.376
112.804
119.804
113.804
113.804
112.804
111.949
109.658
109.73
110.875
109.875
109.949
111.804
115.949
119.949
114.949
99.9486
96.0207
107.021
100.021
99.0207
101.949
109.949
113.949
113.949
116.804
121.949
124.808
118.952
106.808
96.8082
93.4515
96.4515
99.4515
100.451
96.3073
107.307
105.307
107.307
108.307
100.307
102.451
108.451
112.658
111.658
118.73
102.73
104.449
98.4495
102.021
108.949
107.658
114.085
123.154
117.009
100.512
118.941
114.941
116.376
122.307
122.455
93.9638
75.2598
99.8462
123.641
133.645
145.867
155.37
160.37
163.799
164.799
167.799
170.799
171.44
156.512
159.44
164.44
170.011
171.577
172.577
173.577
174.577
178.721
177.721
168.577
167.645
166.641
159.068
136.634
100.767
104.895
105.675
110.884
117.311
127.451
121.307
109.949
122.949
112.949
116.949
115.949
110.949
109.949
115.021
116.73
114.73
116.949
117.949
122.949
125.949
116.949
97.9486
95.0207
108.021
106.021
102.021
102.949
110.949
117.949
118.949
116.949
116.949
94.8082
87.8082
81.8082
82.8082
92.4515
103.451
105.307
102.307
98.3073
110.307
100.451
96.4515
103.451
98.4515
98.4515
104.451
88.6582
103.658
124.021
116.021
113.45
104.449
102.021
105.949
108.658
98.0852
111.153
111.153
111.941
130.085
113.085
116.804
128.808
112.319
80.8955
74.9069
103.846
127.785
136.577
149.011
153.799
158.799
163.799
165.799
167.44
170.44
170.44
155.512
159.44
165.011
169.011
171.577
172.577
173.577
173.577
175.721
176.721
168.577
167.148
166.144
160.497
142.634
110.201
99.3301
104.82
110.884
114.311
124.451
123.307
110.949
118.949
127.949
125.949
117.949
111.949
114.949
115.949
112.658
108.658
115.949
122.949
126.949
120.949
106.949
95.9486
99.0207
108.021
108.021
103.021
102.949
113.949
123.949
120.949
106.949
95.9486
82.8082
86.8082
91.8082
95.8082
99.4515
101.451
99.3073
96.3073
104.307
105.307
92.4515
94.4515
109.452
112.451
107.451
96.9486
97.9486
110.949
122.021
110.021
105.45
105.021
103.021
107.949
109.229
121.085
137.582
139.153
135.085
128.085
112.229
125.949
131.952
100.675
70.3964
77.2636
109.275
129.785
139.577
151.011
154.799
159.799
164.799
166.799
168.44
170.44
170.44
155.943
159.943
165.011
169.011
171.867
172.867
173.867
173.867
171.011
175.011
170.867
168.148
164.573
161.144
150.068
123.63
92.831
105.751
114.319
110.455
117.451
125.307
114.949
110.949
127.808
123.808
117.451
116.451
119.307
115.307
109.804
112.949
116.949
126.021
122.021
103.021
88.9486
94.9486
106.949
110.949
102.949
101.949
105.949
113.949
117.021
109.021
92.0207
80.0207
95.9486
101.949
105.949
102.949
97.9486
95.9486
97.8044
100.804
101.804
100.804
102.949
115.949
124.021
127.021
122.021
97.9486
107.949
112.804
113.949
104.451
101.808
107.808
101.021
103.949
113.229
138.085
132.085
126.085
129.229
115.229
120.949
131.808
124.884
90.3225
68.831
86.0549
114.922
131.645
141.721
151.44
156.943
161.943
166.44
168.44
170.512
172.512
172.512
156.943
159.943
165.011
170.011
171.867
172.867
173.867
174.867
170.011
174.011
171.867
171.867
166.148
160.573
154.497
138.277
97.7627
102.895
112.178
109.174
112.239
125.307
117.949
106.949
117.808
119.808
119.451
120.451
122.307
115.307
112.804
123.949
135.021
130.021
115.021
93.0207
84.9486
98.9486
111.949
111.949
105.949
106.949
104.949
99.9486
93.0207
90.0207
90.0207
92.0207
101.949
104.949
105.949
101.949
98.9486
100.949
105.804
108.804
101.804
103.804
112.949
121.949
113.021
111.021
116.021
102.021
107.949
109.804
107.451
105.451
103.808
112.451
100.949
102.804
121.085
118.085
95.0852
105.085
122.229
105.804
129.949
141.952
106.675
79.8955
74.7627
97.4837
118.351
132.789
144.721
152.44
158.943
163.943
167.44
169.44
171.512
173.512
173.512
156.943
160.943
166.011
170.011
172.867
173.867
175.011
175.011
172.799
174.799
172.011
173.867
169.148
162.076
159.144
145.634
114.766
95.6868
102.751
111.319
113.311
122.239
119.307
108.307
112.451
121.451
123.451
124.451
129.452
126.451
124.451
131.808
147.021
119.45
99.0207
95.0207
98.9486
105.949
110.949
109.949
112.949
108.949
100.949
89.9486
84.0207
89.0207
100.45
111.021
105.949
107.949
107.804
104.804
103.804
104.804
104.804
104.804
105.949
105.949
105.949
106.949
97.0207
92.0207
102.45
102.021
124.451
119.451
104.808
98.8082
93.4515
108.451
105.949
119.804
128.085
114.941
116.941
121.085
117.804
108.804
137.949
137.884
84.3225
70.1897
81.7665
108.774
122.641
133.789
148.721
155.011
161.011
165.011
167.44
169.44
170.512
173.512
174.44
157.943
160.943
166.011
171.011
172.867
173.867
175.011
175.011
176.799
174.799
172.011
176.011
170.577
163.148
159.573
148.497
129.63
90.7627
94.3301
114.178
115.03
119.239
118.307
111.307
95.3073
109.452
115.451
122.451
141.451
150.808
149.808
152.952
139.449
96.4495
78.0207
98.0207
113.949
112.949
107.949
107.949
109.949
105.949
100.949
96.9486
99.0207
105.021
109.45
112.021
108.021
109.949
108.804
105.804
103.804
105.804
107.804
108.804
107.949
104.949
95.9486
99.9486
104.021
99.0207
100.45
100.45
111.808
113.451
106.808
108.808
102.451
116.451
115.804
135.376
129.941
118.941
135.941
113.376
109.804
142.452
152.808
97.3187
69.1859
65.2656
88.2011
116.634
124.573
134.577
152.011
156.011
161.011
165.011
167.44
168.44
170.512
172.44
174.44
159.943
160.943
164.011
166.011
168.011
170.011
172.799
174.799
174.799
173.799
171.799
171.799
170.867
165.723
159.148
153.144
136.634
111.767
80.1897
101.613
123.174
113.529
116.81
122.666
104.163
90.3073
99.3073
113.451
118.808
134.952
142.097
125.097
89.4495
86.4495
97.0207
109.021
108.949
107.949
108.804
108.804
112.804
110.804
108.949
107.949
108.021
108.021
108.449
109.021
110.021
111.949
111.804
108.804
105.804
106.804
106.804
105.804
104.949
104.949
100.949
95.9486
100.021
108.021
106.45
98.4495
102.808
106.808
108.808
106.808
106.451
111.451
112.804
112.376
108.231
118.087
121.231
107.376
129.804
165.452
131.952
72.6754
61.1897
74.0569
96.277
118.497
134.573
145.577
153.011
158.011
163.011
166.011
170.011
173.011
173.44
174.44
175.943
158.943
160.943
164.011
166.011
168.011
170.011
172.799
174.799
173.799
172.799
172.799
172.799
172.867
168.867
163.148
157.573
142.068
125.63
91.2656
80.6888
111.822
123.601
108.81
113.666
115.163
103.163
92.3073
84.3073
79.8082
86.9524
89.5254
81.5254
92.4495
90.0207
98.0207
109.021
109.949
108.949
109.804
108.804
108.804
107.804
106.949
105.949
107.021
108.021
107.021
107.021
105.949
106.949
106.804
105.804
105.804
107.804
107.804
105.804
102.949
103.949
98.9486
92.9486
94.0207
102.021
106.45
106.45
85.8082
91.8082
98.8082
108.808
124.451
133.307
124.376
107.231
112.231
119.231
112.231
123.163
166.451
155.455
90.8841
67.3225
66.2656
79.9886
101.924
123.144
138.148
146.577
155.011
160.011
164.011
167.011
171.011
173.011
174.44
174.44
175.799
159.44
161.44
163.44
165.44
167.44
169.44
172.44
174.44
169.799
169.799
168.799
169.799
168.867
164.867
159.577
156.148
154.144
143.924
119.201
81.1214
97.6129
128.677
117.602
117.81
116.163
116.163
106.163
93.3073
88.8082
89.9524
93.7379
98.7379
106.45
102.949
106.949
113.949
114.949
111.949
109.804
107.804
106.804
105.804
106.949
107.949
108.949
108.949
107.949
106.949
107.949
107.949
107.949
107.949
109.949
111.949
110.804
106.804
99.8044
101.804
99.9486
93.9486
92.0207
99.0207
108.021
113.021
108.021
105.021
102.808
105.808
114.451
121.307
122.376
120.231
125.231
115.231
118.163
150.307
171.311
122.175
63.6754
66.1859
73.0569
88.852
111.068
130.144
142.148
149.577
156.867
161.867
165.577
167.577
171.721
173.721
174.44
175.44
175.799
160.44
162.44
165.44
167.44
169.44
171.44
173.44
174.44
176.799
175.799
175.799
174.799
172.867
168.867
163.577
159.577
157.076
144
135.277
99.9848
81.1176
106.469
124.174
123.239
112.307
116.163
120.163
120.163
115.307
108.808
110.594
117.594
113.021
109.949
110.949
114.949
116.949
113.949
110.804
108.804
108.804
108.804
109.949
111.949
111.949
110.949
108.949
106.949
110.949
110.949
109.949
109.949
111.949
113.949
110.804
105.804
98.8044
100.804
100.949
97.9486
94.0207
94.0207
98.0207
100.021
103.021
108.021
117.808
121.451
108.307
93.3073
97.3756
112.231
116.231
107.376
142.307
167.311
128.174
80.3225
65.8955
67.3339
82.1328
98.8558
120.144
135.076
143.577
150.577
157.867
161.867
166.577
168.577
172.721
174.721
175.44
175.44
175.799
161.512
163.512
166.222
169.222
170.222
172.222
173.44
175.44
176.799
176.799
177.37
176.37
172.867
168.867
164.721
161.577
158.577
149.076
138.068
124.133
90.2656
84.3301
114.675
126.455
121.451
110.163
114.734
123.734
117.376
109.804
109.73
108.73
105.949
105.804
105.804
109.804
113.804
113.804
111.949
111.949
111.949
111.949
112.804
113.804
113.804
111.804
108.804
105.949
107.658
107.73
106.73
106.73
109.658
111.658
110.229
106.229
102.229
101.229
99.6582
97.6582
94.6582
89.6582
87.6582
86.6582
101.949
112.949
127.949
132.949
123.804
110.804
111.376
118.376
97.3756
122.804
160.808
149.884
87.8196
55.0397
65.831
68.7665
91.9241
107.932
128.076
138.867
146.011
152.011
158.011
162.011
166.721
169.721
172.865
174.865
175.44
175.44
175.799
162.512
164.512
167.222
170.222
171.222
172.222
173.44
174.44
169.799
170.799
172.37
171.37
169.867
166.867
163.721
162.721
163.011
159.723
138.144
135.634
116.911
83.831
96.8955
115.675
133.808
115.163
110.734
115.59
113.087
116.231
118.229
110.658
107.804
109.804
109.804
109.804
112.804
112.804
111.949
113.949
111.949
112.949
112.804
113.804
113.804
110.804
106.804
103.804
105.73
105.73
105.73
106.73
109.658
113.658
114.229
112.229
107.229
102.229
98.6582
101.658
101.658
98.6582
96.6582
97.6582
103.949
101.949
98.9486
98.9486
106.804
114.804
115.376
107.804
114.804
161.808
151.884
103.675
69.0397
49.2598
57.2636
83.7741
104
118.076
133.867
142.011
147.44
154.44
159.44
162.011
166.721
168.721
172.865
174.865
175.44
175.44
175.943
161.366
163.366
167.366
169.366
171.366
171.222
172.44
173.44
173.799
174.799
176.37
176.37
173.867
170.867
168.721
168.011
159.799
158.37
144.076
137.497
127.774
97.2636
82.5406
91.9638
123.097
126.307
123.087
114.73
111.73
116.087
117.085
112.229
116.376
121.376
119.376
115.376
113.804
111.804
110.949
113.949
111.949
111.949
112.804
113.804
113.376
111.376
108.376
105.804
105.73
107.874
107.73
107.73
109.658
113.658
115.658
115.658
111.229
105.229
104.229
109.229
110.229
107.229
106.658
110.658
109.229
104.229
100.804
103.804
109.804
112.804
112.804
111.804
149.452
158.952
111.028
68.9638
61.5406
52.4761
65.4837
100.778
114.573
127.723
140.011
144.44
150.44
158.44
162.44
163.44
165.721
167.721
171.865
174.222
175.512
175.44
176.943
160.366
163.222
166.366
169.222
170.366
171.222
171.44
172.44
174.799
175.799
177.37
175.37
171.867
168.867
165.721
165.011
163.799
156.011
163.148
149.144
132.778
120.055
90.404
79.3964
89.8196
126.455
138.163
121.59
115.087
116.087
113.941
114.941
115.231
122.231
120.376
115.376
113.376
110.804
109.804
115.949
111.949
111.949
112.804
113.804
114.376
113.376
111.376
107.804
105.73
106.73
106.73
104.658
105.658
109.229
111.658
113.229
116.229
111.229
110.229
114.229
111.229
103.229
101.229
105.229
111.229
106.229
111.229
118.804
108.804
97.8044
113.804
144.451
157.952
114.028
68.8196
62.3301
56.9069
55.4837
83.4192
106.785
123.148
132.867
143.011
147.44
153.512
161.512
165.44
164.44
165.011
166.44
170.865
173.44
175.512
175.44
176.943
165.512
166.44
167.512
169.44
171.512
173.44
174.44
175.44
177.011
177.011
176.011
175.011
173.011
170.011
167.011
166.011
162.721
163.577
159.645
150.573
140.641
128.778
107.63
89.7665
77.1897
93.0417
122.175
136.311
128.307
118.231
117.512
116.512
115.087
114.087
116.231
116.231
111.231
108.376
109.376
108.804
110.804
110.804
111.804
113.804
113.804
111.804
108.307
105.307
103.949
105.949
108.949
110.804
109.229
108.085
111.229
116.085
109.582
113.582
116.085
112.085
109.085
110.085
108.085
104.229
109.726
110.658
115.229
116.229
103.804
118.804
153.451
152.455
103.319
71.3225
50.3301
52.2656
60.6299
78.7779
101.785
116.789
132.218
139.721
146.865
150.865
154.44
159.44
163.44
165.44
168.44
171.943
171.44
170.799
170.943
173.799
176.011
166.44
167.44
168.44
170.44
172.44
173.44
175.44
175.44
177.011
177.011
177.011
176.011
174.011
171.011
169.011
167.011
167.577
167.789
164.789
155.645
147.573
137.144
119.068
102.133
90.9848
78.6926
82.0417
109.319
136.952
147.949
133.085
108.941
117.231
121.087
125.231
122.231
114.231
108.231
110.376
113.376
103.804
104.804
106.804
110.804
112.804
113.804
110.804
108.804
114.949
115.804
116.804
115.804
114.085
112.085
111.085
110.085
111.153
118.153
121.085
114.085
107.085
106.085
108.085
109.229
109.658
109.658
107.658
117.949
134.949
154.808
145.455
96.3187
74.3225
53.3301
46.2656
57.2011
71.9241
90.1442
112.148
125.577
137.362
144.362
150.865
154.865
157.44
162.44
166.44
168.44
170.943
172.943
172.799
171.799
171.799
174.799
176.011
166.44
167.44
168.44
170.44
172.44
174.44
175.44
176.44
177.011
178.011
177.011
176.011
175.011
172.011
170.011
169.011
168.721
168.721
165.721
158.577
153.148
143.573
130
115.924
106.989
78.9848
62.1897
76.0417
109.675
136.884
142.808
134.949
119.376
118.231
118.376
119.376
121.376
119.376
112.085
106.085
105.085
105.085
107.085
110.085
112.229
112.229
110.229
108.229
109.229
112.229
114.229
113.085
114.085
116.085
112.582
107.582
107.582
110.582
111.229
107.229
106.229
110.229
112.804
111.949
107.949
107.949
121.949
149.808
150.952
120.884
88.6754
63.7513
47.3301
40.7627
49.0569
70.277
88.4971
104.573
123.148
134.577
144.865
150.865
155.865
158.865
161.44
165.44
169.44
170.44
171.799
173.799
173.799
172.799
173.011
175.011
176.011
166.44
167.44
168.44
170.44
172.44
174.44
175.44
176.44
176.011
177.011
177.011
176.011
175.011
173.011
171.011
170.011
168.011
168.011
165.721
160.721
157.577
152.148
141.076
131
116.924
97.9886
75.4098
64.3339
70.1859
94.3225
126.1
148.884
146.451
134.804
116.804
108.376
113.376
121.376
125.085
126.085
107.085
108.085
109.085
110.085
111.085
110.229
107.727
107.229
104.229
111.085
115.085
113.085
112.085
115.085
112.582
106.582
106.582
112.085
115.229
112.229
110.229
109.949
106.949
102.949
121.949
144.808
155.952
141.884
111.028
75.8196
54.8955
48.6868
42.9069
47.9107
65.277
88.0683
104.573
116.645
129.577
140.721
149.865
154.865
158.865
160.865
162.44
166.44
169.44
169.44
170.799
172.799
173.799
171.799
172.011
174.011
175.011
165.44
166.44
167.44
169.44
171.44
173.44
174.44
175.44
175.011
175.011
176.011
175.011
175.011
173.011
171.011
170.011
169.44
169.943
167.44
166.011
163.011
158.867
151.723
145.076
127
113.924
94.1328
74.0569
64.2656
69.1897
88.0397
106.964
143.455
148.451
141.451
129.307
121.804
117.376
115.085
118.941
113.941
114.941
116.153
116.153
116.153
114.582
114.007
113.582
110.085
119.941
123.154
117.153
111.153
109.154
108.154
104.153
107.085
110.085
108.229
101.804
100.949
110.021
122.021
128.808
150.808
143.455
118.884
86.6754
62.7513
45.3301
36.7627
41.7665
53.7741
65.7779
83.6413
101.573
116.645
125.577
136.577
147.721
153.865
156.865
159.865
160.865
162.44
166.44
168.943
168.943
169.799
171.799
172.799
170.799
171.011
172.011
172.011
165.44
166.44
167.44
169.44
171.44
173.44
174.44
175.44
174.011
174.011
175.011
175.011
175.011
174.011
172.011
171.011
168.943
167.943
167.943
166.943
165.011
162.011
156.011
151.867
140.076
129.144
110.068
92.277
79.6299
67.7665
60.9069
61.6868
89.6754
114.455
134.455
145.311
150.452
139.804
124.376
117.085
117.941
117.941
117.153
115.154
111.863
108.863
108.007
108.154
102.941
111.941
118.153
114.153
108.154
108.154
111.153
112.085
111.085
108.804
106.804
111.949
126.021
140.952
146.952
145.455
123.884
91.3187
64.3225
50.8955
40.6868
27.9069
28.9107
49.7741
67.9221
82.7855
99.6451
114.577
126.577
135.577
144.721
154.721
156.865
158.865
160.865
161.865
163.44
167.44
168.943
168.943
169.799
171.799
172.799
171.799
171.011
171.011
171.011
166.44
166.44
168.44
169.44
171.44
173.44
174.44
175.44
173.011
174.011
175.011
176.011
176.011
175.011
174.011
173.011
167.799
167.799
167.943
167.943
166.943
162.799
159.011
155.867
149.577
142.645
126.144
110.497
98.0683
78.6337
60.7741
55.7665
57.8955
75.6754
88.6754
105.319
130.884
145.311
146.451
147.804
126.376
126.376
122.941
117.941
113.154
108.154
106.153
106.153
102.941
108.512
113.941
115.941
116.941
119.941
126.085
132.085
128.229
129.949
133.949
140.808
146.952
139.884
115.884
92.3187
61.3225
61.0417
60.1176
40.3339
32.4098
46.6299
57.6337
66.4971
83.573
101.645
116.577
127.721
137.721
144.011
148.721
157.721
160.865
162.865
163.44
163.44
166.44
170.44
171.799
170.799
171.799
173.799
175.011
174.011
172.011
173.011
171.867
166.44
167.44
168.44
170.44
172.44
174.44
175.44
176.44
174.011
175.011
176.011
177.011
177.011
176.011
175.011
174.011
171.799
170.799
170.799
171.943
170.943
166.943
163.011
161.011
154.577
148.577
135.645
125.573
116.641
96.4971
73.0683
62.7741
53.7627
66.3301
65.3301
64.0417
79.3225
97.3187
110.884
126.311
150.452
150.307
147.804
144.376
139.085
136.085
135.085
135.085
125.085
126.376
128.085
131.376
133.085
134.804
139.804
145.949
147.021
146.952
136.952
114.884
91.0283
71.6754
56.6754
47.7513
48.3301
33.3339
39.2656
41.0569
39.6299
52.6337
68.4971
89.1442
98.148
115.577
129.721
137.721
145.011
148.011
149.721
154.721
164.865
165.865
166.44
166.44
169.44
173.44
174.799
173.799
173.799
175.799
177.011
176.011
174.011
175.011
173.867
164.44
164.44
167.44
171.44
173.44
173.44
173.44
175.44
174.011
175.011
176.011
176.011
176.011
176.011
175.011
175.011
173.867
174.867
173.867
172.011
170.011
167.011
166.011
165.011
160.011
153.867
147.577
141.148
130.645
118.573
102.144
84.0683
71.6299
62.7665
55.9069
53.7627
53.6868
56.1859
66.3225
77.1783
92.1745
101.03
115.455
126.808
136.808
143.808
149.021
152.021
148.021
145.808
145.021
146.808
144.021
135.952
125.952
120.884
104.884
93.3187
77.6754
67.3225
59.7513
53.1859
44.1859
37.1897
32.4098
35.2011
40.6299
50.277
61.9241
77
93.1442
103.076
124.148
128.867
136.011
143.011
147.011
151.011
154.867
158.011
159.44
162.44
168.011
171.011
173.011
172.011
171.799
171.799
179.799
177.799
175.867
174.867
173.867
171.867
169.577
167.44
166.44
167.44
170.44
172.44
172.44
174.44
176.44
175.011
175.011
176.011
176.011
176.011
176.011
176.011
175.011
175.867
175.867
175.867
173.867
171.011
168.011
167.011
166.011
164.011
159.011
154.577
149.577
141.645
132.645
120.645
107.144
88.9221
77.8462
66.8462
58.6299
51.7665
47.2656
51.1897
57.1176
55.0417
60.6129
69.3225
76.6754
83.6754
89.3187
92.0283
93.0283
97.0283
97.0283
98.0283
97.0283
90.1004
81.1004
73.8196
72.8196
67.9638
58.8955
49.0397
41.6868
40.831
41.3339
38.7627
37.4098
40.1328
44.9241
55.0683
66.4971
81
95.9317
111.076
120.148
130.723
134.867
142.011
148.011
152.011
155.011
157.867
161.011
161.011
163.44
169.011
172.011
173.011
173.011
171.799
171.799
174.799
173.799
173.867
173.867
174.867
174.867
173.577
170.44
168.44
168.44
170.44
171.44
172.44
174.44
177.44
177.011
177.011
176.011
176.011
176.011
176.011
176.011
177.011
177.867
177.723
176.723
174.723
171.867
169.867
168.011
167.011
164.721
161.721
159.577
154.577
147.577
144.148
137.148
127.645
112.142
101.495
87.4951
74.9221
60.7779
49.277
45.2011
46.0569
41.2656
41.1214
42.1897
45.1176
49.1176
51.1176
52.3301
51.3301
57.0397
60.0397
62.0397
59.0397
50.3964
41.3964
40.5406
43.831
41.2598
36.7627
30.9069
27.7665
29.9107
35.2011
40.6299
44.277
56.4971
64.1442
76.573
90.573
105.076
118.076
129.148
135.723
139.723
143.723
149.867
153.867
156.867
159.867
162.011
164.011
163.011
166.011
169.011
172.011
172.799
172.799
172.799
172.799
175.37
174.37
174.867
175.867
177.577
178.577
179.577
172.44
170.44
170.44
172.44
173.44
173.44
174.44
176.44
178.011
178.011
177.011
176.011
175.011
176.011
177.011
177.011
177.867
177.723
177.723
175.723
172.867
169.867
169.011
168.011
166.721
163.721
162.577
156.577
149.577
147.577
147.148
140.577
131.218
122.218
111.286
99.6451
85.7855
71.4971
62.0683
57.6337
49.1328
43.9886
40.0569
38.0569
38.9848
38.9848
37.4098
35.4098
34.9069
37.9069
39.9069
38.9069
32.2636
28.2636
31.2636
36.4078
36.9107
36.0549
35.4837
37.7741
41.8462
49.6337
58.7779
65.4971
80.573
88.148
99.5768
111.148
122.148
131.148
138.723
143.723
147.723
150.723
155.867
158.867
159.867
161.867
164.011
165.011
165.011
167.011
170.011
173.011
173.799
173.799
173.799
174.799
176.37
175.37
174.867
175.867
177.577
178.577
178.577
171.44
171.44
172.44
174.44
175.44
173.44
173.44
174.44
179.011
178.011
177.011
176.011
175.011
176.011
176.011
177.011
177.37
177.37
176.867
175.867
173.011
170.011
169.011
169.011
169.721
167.721
165.577
160.577
153.577
153.577
154.577
151.577
141.721
136.721
130.218
123.577
113.645
100.645
88.573
82.6413
69.4971
62.0683
53.9241
47.9241
45.852
43.852
39.852
36.277
32.7741
31.4837
32.4837
33.4837
32.4837
32.4837
36.7741
41.8462
41.8462
45.7779
51.7779
58.4971
66.6413
77.1442
87.573
96.0759
105.577
110.867
119.011
125.867
132.867
138.867
144.577
148.577
151.577
154.577
158.721
160.721
160.721
161.721
163.721
164.721
166.011
168.011
171.011
172.011
172.799
173.799
174.799
175.799
173.867
173.867
173.867
173.867
175.577
176.577
176.577
171.44
171.44
172.44
175.44
176.44
174.44
173.44
174.44
178.011
178.011
177.011
176.011
176.011
175.011
175.011
175.011
175.799
176.37
176.011
175.011
173.011
171.011
170.011
170.011
168.721
166.721
165.577
161.577
157.577
158.577
160.577
156.577
148.721
145.721
142.721
138.577
132.577
122.577
113.148
105.148
97.573
90.9317
82.1442
74.9317
71
66.5029
61
57
54.9221
51.9221
50.9221
51.7779
53.9221
54.7779
58.9221
61.4971
65.9221
71.6413
79.6413
88.1442
94.573
104.076
113.148
118.867
126.011
130.011
134.011
138.011
141.867
145.867
150.577
154.577
154.577
157.721
160.721
161.721
161.721
162.721
164.721
165.721
168.011
169.011
171.011
172.011
172.799
173.799
174.799
175.799
174.867
174.867
175.867
177.867
179.577
181.577
182.577
172.44
171.44
171.44
174.44
174.44
173.44
173.44
175.44
177.011
177.011
177.011
176.011
176.011
175.011
174.011
174.011
174.799
174.799
175.943
174.943
173.44
171.44
171.44
171.44
169.011
166.011
166.011
163.011
159.867
161.867
161.867
157.867
157.577
154.577
150.577
148.148
143.723
137.723
129.867
123.867
120.148
114.723
108.148
102.366
99.0759
95.3663
91.0759
88.0759
86.1442
82.6413
81.6413
81.4971
82.6413
84.4971
88.6413
94.1442
100.641
104.573
110.573
116.076
120.148
124.723
130.867
135.37
138.799
141.799
144.799
146.799
149.011
152.011
155.721
158.218
158.218
160.362
163.362
164.362
164.865
165.865
167.865
168.865
168.011
169.011
170.799
170.799
171.799
172.799
175.37
176.37
176.867
177.867
178.867
180.867
183.577
186.577
187.789
173.44
171.44
170.44
172.44
172.44
172.44
174.44
177.44
176.011
176.011
177.011
177.011
176.011
175.011
174.011
173.011
173.943
174.943
175.943
175.943
173.44
172.44
172.44
172.44
174.011
171.011
169.011
167.011
163.867
164.867
163.867
157.867
165.577
162.148
157.148
152.148
149.723
146.723
141.867
136.867
134.867
131.867
127.723
125.723
123.723
121.723
119.723
118.148
112.148
110.573
110.573
110.573
110.573
112.573
118.573
124.573
120.645
123.645
127.148
130.148
132.723
136.867
141.867
146.37
145.799
147.799
150.799
152.799
153.011
154.011
155.721
157.721
160.362
163.865
165.362
167.865
167.865
167.865
169.865
171.44
168.011
169.011
169.799
170.799
170.799
172.799
174.867
175.867
175.867
175.867
176.867
178.867
181.577
184.148
184.645
170.011
171.011
171.011
172.011
173.011
174.011
174.011
175.011
176.011
174.011
173.011
173.011
175.011
177.011
176.011
175.011
175.011
174.011
173.011
172.011
171.011
172.011
173.011
174.011
173.011
171.011
169.011
168.011
169.011
168.011
166.011
163.867
164.867
165.867
160.867
154.867
154.867
152.867
148.867
147.867
142.577
141.577
139.577
136.577
135.577
134.577
134.577
134.577
127.577
127.148
127.148
128.148
130.148
131.148
132.148
132.148
134.577
135.577
137.577
140.577
144.577
147.721
149.721
151.011
156.867
157.867
157.867
157.867
158.867
161.867
162.867
161.867
165.721
167.011
166.721
168.011
170.011
171.011
172.011
172.011
173.011
173.799
174.011
173.011
173.011
174.011
175.721
177.721
178.577
180.577
183.148
184.148
184.645
185.573
186.785
170.011
171.011
171.011
172.011
173.011
174.011
174.011
175.011
176.011
174.011
172.011
173.011
175.011
176.011
176.011
175.011
174.011
173.011
172.011
172.011
172.011
173.011
174.011
175.011
174.011
172.011
170.011
170.011
170.011
170.011
168.011
166.011
165.867
167.867
162.867
158.867
159.867
158.867
155.867
154.867
149.577
148.577
146.577
144.577
142.577
141.577
141.577
141.577
138.577
137.577
136.577
137.577
139.577
140.577
141.577
141.577
141.721
142.721
144.721
147.721
150.721
152.721
155.721
156.721
157.867
159.867
159.867
158.867
159.867
162.867
164.867
163.867
167.011
168.011
169.011
170.011
172.011
173.011
174.011
175.011
174.799
174.799
175.011
174.011
173.721
173.721
175.721
177.721
179.577
180.577
183.148
184.148
184.573
184.573
185.641
170.011
171.011
171.011
172.011
173.011
174.011
174.011
175.011
175.011
173.011
171.011
172.011
174.011
175.011
175.011
174.011
173.011
172.011
172.011
172.011
172.011
173.011
175.011
175.011
174.011
172.011
171.011
171.011
172.011
172.011
170.011
168.011
165.867
167.867
163.867
160.867
162.867
163.867
160.867
160.867
156.577
155.577
153.577
150.577
149.577
148.577
148.577
148.577
146.577
145.577
145.577
145.577
147.577
148.577
149.577
149.577
147.721
148.721
150.721
153.721
155.721
157.721
159.721
160.721
160.867
161.867
161.867
161.867
162.867
165.867
166.867
165.867
168.011
169.011
170.011
172.011
174.011
176.011
177.011
177.011
176.799
176.799
176.011
175.011
173.721
174.721
176.721
177.721
180.577
181.577
184.148
185.148
184.573
184.573
185.641
