-1
-2
0
-738.013
-369.006
-376.238
-751.477
-1
0
-367.278
-367.278
0
-374.444
-374.444
0
-709.014
-1118.17
-381.832
-354.285
-354.285
0
0
0
-1469.16
0
-1154.43
0
-689.92
0
-737.796
0
-462.893
-1367.91
-231.366
-681.128
-748.354
-762.755
0
-1199.87
0
-673.535
-1088.66
-375.219
-770.355
0
0
0
-1512.91
-740.376
0
-774.84
0
-776.291
-759.538
-734.026
0
-702.39
0
0
-677.74
-1429.35
0
-736.058
-704.531
0
0
0
0
-664.556
-1786.76
0
-1016.4
-345.403
0
0
0
0
-1026.79
-1111.6
0
0
-678.758
0
0
0
0
0
0
-665.011
-1001.48
-655.081
-622.205
-301.609
0
0
-339.178
0
0
0
-2
-369.006
0
-375.238
0
0
-367.278
0
0
0
-375.444
0
-353.507
-381.832
0
-354.285
0
0
0
0
-734.582
0
-384.81
0
-344.96
0
-368.898
-231.446
-367.375
-432.263
-340.564
-374.177
-381.378
0
-599.936
0
-336.767
-356.72
-375.219
-385.177
0
0
0
-380.244
-746.4
0
-387.42
0
-388.146
-379.769
-367.013
0
-351.195
0
-338.87
-353.423
-361.251
0
-368.029
-352.266
0
0
0
-332.278
0
-709.102
-335.501
-345.403
0
0
0
0
-336.005
-733.19
0
0
-339.379
0
0
0
0
0
0
-332.505
-334.485
-320.596
-923.814
0
0
0
0
-678.355
0
0
-1
0
-369.006
0
0
-375.238
0
0
-367.278
-1
-1
-374.444
0
0
-353.507
-381.832
0
-708.57
0
0
0
-734.582
-372.984
-384.81
0
-344.96
0
-368.898
-231.446
0
-799.638
0
-340.564
-374.177
-381.378
-599.936
0
0
-693.487
-375.219
-385.177
0
0
0
-380.244
-746.4
0
-387.42
0
-388.146
-379.769
-367.013
0
-351.195
0
-338.87
-353.423
-361.251
-368.029
0
-352.266
0
0
0
-332.278
-709.102
0
-335.501
-345.403
0
0
0
0
-1045.56
-378.414
0
0
-339.379
0
0
0
0
0
-665.011
0
-655.081
-301.609
0
0
0
0
-303.173
0
-339.178
-1
0
0
0
-738.013
0
-375.238
-375.238
0
-367.278
-368.278
0
0
-748.889
0
-353.507
-381.832
0
0
-354.285
0
0
-361.598
-372.984
0
-384.81
-344.96
0
-368.898
-600.344
0
-799.638
0
-340.564
-374.177
-617.829
0
-363.485
0
-336.767
-731.939
-385.177
0
0
0
-380.244
-746.4
0
-387.42
0
-388.146
-379.769
-367.013
-351.195
0
0
-338.87
-353.423
-361.251
-368.029
0
-352.266
0
0
-332.278
0
-709.102
-671.002
-345.403
0
0
0
0
-354.776
-714.419
0
0
-678.758
0
0
0
0
0
-332.505
-334.485
-334.485
-320.596
-301.609
0
0
0
-303.173
0
0
-340.178
-1
0
0
0
0
-369.006
0
-375.238
-1
-1
0
-367.278
0
0
-374.444
0
-353.507
-381.832
0
-354.285
0
0
0
-734.582
0
-384.81
0
-344.96
0
-600.344
0
-799.638
0
-340.564
-374.177
-617.829
0
-363.485
0
-336.767
-731.939
0
-385.177
0
0
-380.244
-746.4
0
-387.42
0
-388.146
-379.769
-367.013
-351.195
0
0
-338.87
-714.674
0
-368.029
-352.266
0
0
0
-332.278
-340.546
-1044.6
0
-345.403
0
0
0
0
-1069.2
-378.414
0
-339.379
0
0
0
0
0
0
-332.505
-334.485
-320.596
-301.609
0
0
0
0
-303.173
0
-1
0
-339.178
-339.178
0
0
0
0
-369.006
-1
-375.238
0
0
-367.278
0
0
-374.444
0
-353.507
-381.832
-381.832
0
-354.285
0
0
-361.598
-372.984
-384.81
0
-344.96
0
-600.344
0
-799.638
0
-340.564
-374.177
-617.829
0
-363.485
0
-336.767
-731.939
0
-385.177
0
0
-380.244
-746.4
0
-387.42
0
-767.915
0
-367.013
-351.195
0
0
-338.87
-714.674
0
-368.029
-352.266
0
0
0
-332.278
-709.102
-335.501
0
-345.403
0
0
0
-354.776
-714.419
0
0
-339.379
0
0
0
0
0
-332.505
-334.485
-320.596
-622.205
0
0
0
0
-303.173
0
0
0
0
0
-339.178
0
0
0
0
-370.006
-370.006
0
-375.238
0
0
-367.278
0
0
-374.444
0
-707.014
-381.832
0
-355.285
0
0
0
-734.582
0
-384.81
-344.96
0
-231.446
-368.898
-432.263
-367.375
-340.564
-374.177
-236.451
-381.378
-363.485
0
-336.767
-731.939
0
-385.177
0
0
-380.244
-746.4
0
-387.42
-388.146
-379.769
0
-367.013
-351.195
0
-338.87
-353.423
-361.251
0
-368.029
-352.266
0
0
-332.278
0
-709.102
-335.501
-690.805
0
0
0
0
-1026.79
-378.414
0
-339.379
0
0
0
0
0
-665.011
0
-655.081
-301.609
-301.609
0
0
0
-606.346
0
0
0
-687.683
0
0
0
-339.178
0
0
-1
0
0
-369.006
-375.238
-375.238
0
-367.278
-367.278
0
-374.444
0
0
-353.507
-381.832
-1
-354.285
0
0
-361.598
-372.984
-384.81
0
-344.96
-231.446
-368.898
0
-799.638
0
-340.564
-610.628
-381.378
-363.485
0
-336.767
-356.72
-375.219
-385.177
0
0
-380.244
-746.4
0
-387.42
-388.146
-379.769
-367.013
0
-351.195
0
-338.87
-353.423
-361.251
-368.029
0
-352.266
0
0
-664.556
-340.546
-704.057
0
-345.403
0
0
0
-690.781
-378.414
0
0
-339.379
0
0
0
0
-332.505
0
-334.485
-320.596
-301.609
0
0
0
-303.173
0
0
0
-229.072
-343.842
0
0
0
0
-678.355
-2
0
0
0
-369.006
0
0
-375.238
0
-367.278
0
0
-748.889
0
-354.507
-382.832
0
-354.285
0
0
-361.598
-372.984
0
-384.81
-344.96
-576.406
-368.898
0
-799.638
0
-340.564
-610.628
-381.378
-363.485
0
-336.767
-356.72
-375.219
-385.177
0
0
-380.244
-746.4
0
-387.42
-388.146
-379.769
-367.013
0
-351.195
0
-338.87
-353.423
-361.251
-368.029
-352.266
0
0
-332.278
0
-340.546
-704.057
-345.403
0
0
0
0
-690.781
-378.414
0
-339.379
0
0
0
0
-332.505
0
-655.081
-655.081
-301.609
0
0
0
-303.173
0
0
0
-458.143
0
0
-343.842
0
0
0
-1
-339.178
0
0
0
0
-369.006
0
-375.238
0
0
-367.278
0
-1
-375.444
0
-353.507
-381.832
0
-708.57
0
0
-361.598
-372.984
-384.81
0
-576.406
0
-368.898
-799.638
0
-340.564
-610.628
-381.378
0
-363.485
-336.767
-356.72
-375.219
-385.177
0
0
-380.244
-746.4
0
-387.42
-388.146
-379.769
-367.013
0
-351.195
0
-338.87
-714.674
0
-368.029
-352.266
0
0
-332.278
0
-1044.6
0
-345.403
0
0
0
-709.553
-714.419
0
0
-339.379
0
0
0
0
-332.505
-334.485
-320.596
-301.609
0
0
0
-303.173
-303.173
0
0
-229.072
0
0
0
-343.842
-343.842
-1
-1
0
0
-339.178
0
0
0
0
-738.013
0
-375.238
0
0
-369.278
0
-374.444
0
-353.507
-381.832
0
0
-354.285
0
-361.598
-734.582
-384.81
-384.81
-576.406
0
-368.898
-432.263
-367.375
-577.015
-374.177
-381.378
0
-363.485
-336.767
-356.72
-375.219
-385.177
0
0
-380.244
-746.4
0
-387.42
-388.146
-379.769
-367.013
0
-351.195
0
-338.87
-714.674
0
-368.029
-352.266
0
0
-332.278
-340.546
-704.057
0
-345.403
0
0
-354.776
-336.005
-378.414
0
-678.758
0
0
0
0
-665.011
0
-655.081
-301.609
-301.609
0
0
-303.173
0
0
0
-229.072
0
0
0
0
0
0
-344.842
0
0
0
-339.178
-339.178
0
0
0
0
-369.006
-375.238
-376.238
-1
-367.278
0
0
-374.444
0
-353.507
-763.664
0
-354.285
0
0
-734.582
0
-384.81
-231.446
-344.96
-368.898
-432.263
-367.375
-236.451
-340.564
-374.177
-381.378
-363.485
0
-336.767
-731.939
-385.177
0
0
-380.244
-746.4
0
-387.42
-388.146
-379.769
-367.013
-351.195
0
-338.87
-353.423
-361.251
-368.029
0
-352.266
0
-332.278
0
-676.047
-368.556
-345.403
0
0
0
-354.776
-714.419
0
-339.379
0
0
0
0
-332.505
0
-334.485
-320.596
-301.609
0
0
0
-303.173
0
0
-229.072
-229.072
0
0
0
0
-1
-1
0
-687.683
0
0
0
0
-339.178
0
0
0
-369.006
-1
0
-375.238
0
-734.555
0
-374.444
0
-353.507
-353.507
-381.832
-1
-354.285
0
-361.598
-745.969
0
-616.256
-344.96
0
-801.161
-367.375
-236.451
-340.564
-374.177
-381.378
-363.485
0
-336.767
-731.939
0
-385.177
0
-380.244
-746.4
0
-387.42
-388.146
-379.769
-367.013
-351.195
0
-338.87
-353.423
-361.251
-368.029
-352.266
0
0
-332.278
-335.501
-1044.6
0
-345.403
0
0
-354.776
-336.005
-378.414
0
-339.379
0
0
0
-332.505
0
-320.596
-655.081
-301.609
0
0
0
-606.346
0
0
-229.072
0
0
0
0
0
-1
0
0
0
0
-343.842
0
0
0
-339.178
0
0
-1
-1
-369.006
-369.006
-375.238
0
0
-367.278
0
-374.444
0
-354.507
-382.832
0
-354.285
0
0
-361.598
-372.984
-616.256
-344.96
0
-600.263
-568.273
-236.451
-340.564
-374.177
-381.378
-363.485
0
-336.767
-356.72
-375.219
-385.177
0
-380.244
-746.4
0
-387.42
-388.146
-379.769
-367.013
-351.195
0
-338.87
-353.423
-361.251
-368.029
-352.266
0
-332.278
0
-676.047
-368.556
0
-345.403
0
0
-354.776
-336.005
-378.414
-339.379
0
0
0
-332.505
-332.505
0
-989.566
0
-301.609
0
0
-303.173
0
0
-458.143
0
0
0
0
0
0
-1
0
0
0
0
0
-343.842
-343.842
0
0
-339.178
-340.178
-1
0
0
-369.006
0
-375.238
0
-367.278
0
0
-749.889
-1
-353.507
-381.832
0
-354.285
0
-361.598
-372.984
-616.256
0
-344.96
-368.898
-432.263
-603.826
-340.564
-374.177
-381.378
-363.485
0
-336.767
-356.72
-375.219
-385.177
0
-380.244
-746.4
0
-387.42
-388.146
-379.769
-367.013
-351.195
0
-338.87
-353.423
-361.251
-368.029
-352.266
0
-332.278
0
-676.047
-368.556
-345.403
0
0
-354.776
-336.005
-756.827
0
-339.379
0
0
0
-332.505
0
-655.081
-301.609
-301.609
0
0
-303.173
0
0
-229.072
0
0
0
0
0
0
0
0
0
0
0
0
0
0
-343.842
0
-1
-1
-339.178
0
0
0
0
-369.006
-375.238
-375.238
-1
-368.278
-1
0
-374.444
-353.507
-381.832
0
-354.285
0
-361.598
0
-604.431
-384.81
-344.96
0
-801.161
-603.826
-340.564
-374.177
-381.378
0
-363.485
-336.767
-356.72
-375.219
-385.177
0
-380.244
-746.4
0
-387.42
-388.146
-379.769
-367.013
-351.195
0
-338.87
-714.674
0
-368.029
-352.266
0
-332.278
-335.501
-340.546
-368.556
-345.403
0
0
-690.781
-714.419
0
-339.379
0
0
0
-332.505
0
-975.678
0
-301.609
0
0
-303.173
-303.173
0
-229.072
0
0
0
0
0
0
0
-292.493
-370.546
0
0
0
0
0
0
-1
-344.842
-343.842
0
0
-339.178
0
0
0
0
-739.013
-1
-375.238
0
-734.555
0
-374.444
0
-353.507
-381.832
0
-708.57
0
-361.598
-604.431
-384.81
0
-344.96
-801.161
-603.826
0
-340.564
-374.177
-381.378
-363.485
-336.767
-356.72
-375.219
-385.177
0
-380.244
-746.4
0
-387.42
-388.146
-379.769
-367.013
-351.195
-338.87
-353.423
-361.251
-368.029
-352.266
0
-332.278
0
-676.047
-368.556
0
-345.403
0
-709.553
-336.005
-378.414
0
-339.379
0
0
-332.505
0
-320.596
-334.485
-301.609
0
0
-303.173
0
0
-229.072
-229.072
0
0
0
0
0
0
-584.987
0
-370.546
0
0
0
0
0
0
-1
0
-343.842
0
0
0
-678.355
0
-1
-1
0
-369.006
-375.238
0
0
-367.278
0
-374.444
-353.507
-381.832
-381.832
0
-354.285
-361.598
-604.431
0
-384.81
-344.96
-1037.61
-367.375
-214.256
-340.564
-374.177
-381.378
-363.485
-336.767
-356.72
-375.219
-385.177
0
-380.244
-746.4
0
-387.42
-388.146
-379.769
-367.013
-351.195
-338.87
-353.423
-361.251
-368.029
-352.266
0
-332.278
-335.501
-340.546
-368.556
-345.403
0
-354.776
0
-714.419
0
-678.758
0
0
-332.505
-332.505
-320.596
-668.97
0
-301.609
0
0
-303.173
0
-229.072
0
0
0
0
0
0
0
-292.493
0
0
-370.546
-370.546
0
0
0
-1
-1
0
0
0
-343.842
-343.842
0
0
-341.178
0
0
0
0
-369.006
-375.238
0
-367.278
0
-374.444
0
-707.014
-381.832
0
-354.285
-1
-593.044
-372.984
-384.81
-344.96
-668.715
-368.898
-581.631
-340.564
-374.177
-381.378
-363.485
-336.767
-356.72
-375.219
-385.177
0
-380.244
-746.4
0
-387.42
-388.146
-379.769
-367.013
-351.195
-338.87
-353.423
-361.251
-368.029
-352.266
0
-332.278
-335.501
-340.546
-368.556
-345.403
0
-354.776
-336.005
-378.414
-339.379
0
0
-332.505
0
0
-655.081
-301.609
-301.609
0
-303.173
-303.173
0
-458.143
0
0
0
0
0
0
-292.493
-292.493
0
0
0
0
0
-370.546
-371.546
-1
0
0
0
0
0
0
0
-344.842
-1
0
-339.178
0
0
0
-369.006
-375.238
-375.238
0
-367.278
0
-748.889
0
-353.507
-382.832
-1
-354.285
-593.044
-372.984
-384.81
0
-812.777
-569.796
-581.631
-340.564
-374.177
-381.378
-363.485
-336.767
0
356.72
375.219
765.421
370.188
0
763.632
388.146
379.769
367.013
351.195
0
-338.87
-353.423
-361.251
-368.029
-352.266
-332.278
-335.501
-340.546
-368.556
0
-345.403
-354.776
0
-336.005
-378.414
-339.379
0
0
-332.505
0
-641.193
-334.485
-301.609
0
0
-303.173
0
-229.072
0
0
0
0
0
0
0
-292.493
0
0
0
0
0
0
-2
0
-370.546
0
0
0
0
-1
-1
-1
-343.842
0
0
-339.178
-339.178
0
0
0
-738.013
0
-375.238
-367.278
0
0
-375.444
-354.507
-381.832
0
-354.285
-593.044
0
-372.984
-384.81
-812.777
-569.796
-367.375
-214.256
340.564
374.177
381.378
363.485
336.767
356.72
375.219
765.421
370.188
0
763.632
388.146
379.769
367.013
351.195
338.87
353.423
361.251
368.029
352.266
0
-332.278
-335.501
-340.546
-368.556
-345.403
0
-354.776
-336.005
-378.414
-339.379
0
0
-332.505
0
-320.596
-334.485
-301.609
0
0
-303.173
0
-458.143
0
0
0
0
0
0
-292.493
-292.493
0
0
0
0
0
-1
-1
0
0
-370.546
-370.546
0
-1
-1
0
0
0
0
-343.842
-343.842
0
0
-339.178
0
0
0
-369.006
-375.238
0
-368.278
-368.278
-374.444
0
-354.507
-382.832
-1
-585.731
-361.598
-372.984
-384.81
-236.451
-87.3035
368.898
153.118
340.564
374.177
381.378
363.485
336.767
356.72
375.219
765.421
370.188
0
763.632
388.146
379.769
367.013
351.195
338.87
353.423
361.251
368.029
352.266
332.278
335.501
0
-340.546
-368.556
-345.403
-354.776
0
-336.005
-378.414
-339.379
0
-332.505
-332.505
-320.596
-334.485
0
-301.609
0
-606.346
0
-229.072
0
0
0
0
0
0
-292.493
0
0
0
0
0
0
0
0
0
0
0
0
0
-372.546
-370.546
0
0
0
0
0
0
0
-343.842
0
-339.178
0
0
0
0
-369.006
-376.238
-1
-368.278
-1
-375.444
-353.507
-381.832
0
-585.731
-361.598
0
372.984
148.359
-87.3035
368.898
153.118
340.564
374.177
381.378
363.485
336.767
356.72
375.219
765.421
370.188
0
763.632
388.146
379.769
367.013
351.195
338.87
353.423
361.251
368.029
352.266
332.278
335.501
340.546
368.556
345.403
0
-354.776
-336.005
-378.414
-339.379
0
-332.505
0
-320.596
-655.081
-636.094
-301.609
0
-303.173
0
-229.072
0
0
0
0
0
0
-292.493
-292.493
0
0
0
0
0
0
-275.121
0
0
0
0
-1
-1
0
0
-370.546
0
0
0
0
0
0
-343.842
-343.842
0
-339.178
-339.178
0
-1
-371.006
-745.245
-376.238
-256.88
-367.278
-374.444
0
-353.507
-381.832
-231.446
354.285
361.598
372.984
148.359
-432.263
713.858
153.118
340.564
374.177
381.378
363.485
336.767
356.72
375.219
765.421
370.188
0
763.632
388.146
379.769
367.013
351.195
338.87
353.423
361.251
368.029
684.544
335.501
0
340.546
368.556
345.403
354.776
0
-336.005
-378.414
-339.379
0
-332.505
-320.596
0
-334.485
-301.609
0
-303.173
0
-458.143
0
0
0
0
0
0
-292.493
0
0
0
0
0
0
0
-275.121
0
0
0
-1
-1
0
0
0
0
-370.546
-370.546
0
0
0
0
0
0
0
-343.842
0
-341.178
-2
-1
0
0
-369.006
-632.118
-367.278
0
-374.444
0
353.507
150.385
354.285
361.598
-236.451
372.984
-47.4537
344.96
368.898
153.118
340.564
116.304
744.862
336.767
356.72
375.219
765.421
370.188
0
763.632
388.146
379.769
367.013
690.065
353.423
0
729.28
352.266
332.278
335.501
0
340.546
713.959
0
354.776
336.005
378.414
339.379
0
-332.505
0
-320.596
-334.485
-301.609
0
-303.173
-303.173
-229.072
0
0
0
0
0
0
-584.987
0
0
0
0
0
0
0
-275.121
-275.121
0
-1
-1
0
0
0
0
0
0
0
0
-370.546
-370.546
0
0
0
0
-1
-345.842
-345.842
0
-339.178
0
0
0
-369.006
-632.118
0
-367.278
0
374.444
0
122.061
380.832
354.285
125.147
372.984
153.444
144.062
368.898
153.118
340.564
116.304
381.378
463.122
356.72
0
1140.64
370.188
0
763.632
388.146
379.769
367.013
690.065
353.423
361.251
368.029
352.266
667.779
0
340.546
368.556
345.403
354.776
0
336.005
378.414
339.379
332.505
0
-320.596
0
-334.485
-301.609
-303.173
0
-458.143
0
0
0
0
0
0
-292.493
0
0
0
0
0
0
-275.121
-275.121
0
0
0
0
0
0
0
0
0
0
0
0
0
0
0
-370.546
0
-1
-2
-1
-1
0
-343.842
0
-678.355
0
0
0
-625.886
-375.238
0
367.278
0
373.444
120.061
381.832
354.285
125.147
0
526.429
-200.898
713.858
153.118
82.6906
374.177
144.248
700.252
356.72
0
755.463
755.366
0
763.632
388.146
379.769
367.013
690.065
353.423
361.251
368.029
684.544
335.501
0
340.546
368.556
345.403
354.776
336.005
378.414
339.379
332.505
0
320.596
0
-334.485
-301.609
0
-303.173
-229.072
0
0
0
0
0
-292.493
-292.493
0
0
0
0
0
-275.121
-275.121
0
0
0
0
-481.846
-680.772
0
0
0
0
0
0
0
0
0
-274.365
0
-371.546
-372.546
-2
0
0
0
0
0
-687.683
0
-339.178
0
0
-256.88
369.006
374.238
-1
366.278
374.444
-231.446
353.507
381.832
479.432
0
141.619
183.912
344.96
522.016
82.6906
374.177
144.248
700.252
0
356.72
755.463
755.366
0
763.632
388.146
379.769
718.208
338.87
353.423
361.251
368.029
1020.04
0
0
340.546
713.959
354.776
0
336.005
378.414
339.379
332.505
320.596
0
334.485
301.609
0
-303.173
-229.072
0
0
0
0
0
0
-292.493
0
0
0
0
0
-275.121
-275.121
0
0
0
-240.923
-240.923
0
-676.088
-1018.82
0
0
0
0
0
0
0
-1
-1
-276.365
-1
0
-370.546
-370.546
0
0
0
0
0
-343.842
0
-339.178
0
-1
-257.88
369.006
375.238
367.278
0
142.998
353.507
381.832
117.834
361.598
372.984
-47.4537
0
713.858
235.809
374.177
144.248
700.252
0
356.72
755.463
755.366
0
763.632
388.146
379.769
718.208
338.87
353.423
361.251
720.295
667.779
0
340.546
368.556
345.403
354.776
336.005
378.414
671.885
332.505
0
320.596
334.485
301.609
0
303.173
229.072
0
0
0
0
0
-292.493
-292.493
0
0
0
0
0
-275.121
0
0
0
-240.923
-240.923
0
0
0
0
0
-678.43
-678.43
0
0
-1
-1
-1
-1
-1
-274.365
0
0
0
0
-370.546
0
0
0
0
0
-344.842
-1
338.178
0
-256.88
369.006
375.238
0
367.278
142.998
0
707.014
145.381
1070.17
0
-59.2791
384.81
713.858
-104.755
340.564
137.047
744.862
336.767
356.72
755.463
755.366
0
763.632
388.146
379.769
1057.08
353.423
0
729.28
1020.04
335.501
0
340.546
368.556
1054.96
0
336.005
378.414
671.885
320.596
320.596
0
334.485
301.609
303.173
229.072
0
0
0
0
0
-292.493
0
0
0
0
0
-275.121
-275.121
0
0
-240.923
-240.923
0
0
0
0
0
0
0
0
-339.044
-679.43
-341.386
0
0
-1
-1
0
0
-548.73
0
0
0
-370.546
-370.546
0
-1
-1
-1
0
343.842
0
339.178
-256.88
0
369.006
744.245
742.516
135.831
748.889
0
498.888
381.832
715.883
-59.2791
384.81
87.0866
522.016
103.434
374.177
744.862
336.767
356.72
755.463
755.366
0
763.632
388.146
379.769
1057.08
353.423
0
729.28
1020.04
0
0
340.546
1068.73
0
336.005
0
1389.68
0
320.596
0
334.485
301.609
0
761.316
0
0
0
0
0
-292.493
-292.493
0
0
0
0
-550.242
0
0
-481.846
-240.923
0
0
0
0
0
0
0
-1
-1
-1
0
0
-338.044
-679.43
-341.386
0
0
0
0
-274.365
0
0
0
-1
-1
-371.546
-370.546
0
0
0
0
343.842
0
421.476
0
0
369.006
375.238
-231.446
367.278
137.993
353.507
380.832
715.883
-231.366
929.881
-257.873
866.976
103.434
374.177
381.378
700.252
356.72
380.244
1130.58
0
763.632
388.146
746.782
690.065
353.423
361.251
1035.81
352.266
0
340.546
0
1068.73
0
336.005
717.793
332.505
320.596
0
334.485
636.094
604.781
532.244
0
0
0
0
0
-292.493
0
0
0
0
-275.121
-275.121
0
-240.923
-240.923
0
0
0
0
0
0
0
0
0
0
0
0
0
-1
-1
0
-338.044
-678.43
-680.772
0
0
0
-274.365
-1
-1
-1
0
0
0
-370.546
0
0
0
0
687.683
-256.88
339.178
0
0
369.006
143.792
366.278
136.993
-1
353.507
743.43
122.919
-200.898
499.921
713.858
256.552
374.177
381.378
700.252
356.72
380.244
1130.58
0
1151.78
0
746.782
690.065
353.423
361.251
1388.07
0
0
340.546
723.332
345.403
336.005
668.51
1050.3
641.193
0
0
636.094
0
761.316
0
0
0
0
0
292.493
0
0
0
-275.121
-275.121
0
-240.923
-240.923
0
0
0
0
0
0
0
0
0
0
-203.246
0
0
-1
-1
0
0
0
0
0
-338.044
-678.43
-341.386
-1
-275.365
0
0
0
0
0
0
0
370.546
0
0
0
0
86.9619
0
339.178
-1
-1
880.805
0
130.826
374.444
353.507
381.832
484.517
-200.898
499.921
255.51
866.976
340.564
755.555
700.252
356.72
380.244
1130.58
0
1151.78
379.769
367.013
690.065
353.423
1064.78
684.544
0
0
340.546
1068.73
0
336.005
1428.71
320.596
0
0
334.485
301.609
532.244
0
0
0
0
292.493
292.493
0
0
0
-275.121
0
-240.923
-240.923
0
0
0
0
0
0
0
0
0
-203.246
-203.246
-203.246
0
-600.025
-1
-1
0
0
0
0
0
-1
-1
-339.044
-338.044
-340.386
-340.386
-274.365
0
0
0
0
0
0
0
370.546
370.546
0
0
-257.88
341.842
682.019
339.178
0
-231.446
744.245
506.065
374.444
0
353.507
512.064
-104.486
372.984
147.68
866.976
340.564
374.177
1081.63
356.72
380.244
745.407
385.177
1151.78
379.769
705.883
704.618
0
1729.34
352.266
0
340.546
354.776
713.959
336.005
710.919
339.379
320.596
0
334.485
301.609
835.417
0
0
0
0
0
292.493
0
0
0
275.121
-240.923
-240.923
0
0
0
0
0
0
0
0
-203.246
-203.246
-203.246
0
0
0
0
-592.496
-595.76
-299.512
-299.512
0
0
-1
-1
0
0
0
0
-338.044
-338.044
-614.751
-340.386
0
0
0
0
0
0
0
-1
369.546
369.546
-256.88
0
343.842
0
339.178
-231.446
369.006
138.787
734.555
748.889
353.507
1096.94
25.7461
-237.13
757.794
736.273
471.268
374.177
1081.63
0
736.963
745.407
385.177
1151.78
379.769
1057.08
353.423
335.501
1061.56
352.266
0
340.546
723.332
345.403
668.51
717.793
320.596
0
0
636.094
1062.92
0
0
0
0
292.493
292.493
0
0
275.121
516.044
240.923
0
0
0
0
0
0
0
-203.246
-203.246
-203.246
0
0
0
0
0
0
-207.261
0
0
-296.248
-297.248
-300.512
-300.512
-299.512
-299.512
0
0
0
0
0
0
-612.409
-338.044
-340.386
-340.386
0
0
-1
-1
-1
0
0
370.546
-256.88
0
0
343.842
683.019
-231.446
0
132.555
375.238
367.278
374.444
353.507
435.125
471.44
372.984
384.81
993.284
374.177
1081.63
0
736.963
745.407
385.177
1151.78
379.769
1057.08
353.423
1029.03
720.295
0
0
1050.1
713.959
668.51
332.505
1358.99
0
0
970.579
532.244
0
0
0
0
292.493
0
0
275.121
516.044
240.923
0
0
0
0
0
0
-203.246
-203.246
-203.246
0
0
0
0
0
0
0
-207.261
-207.261
0
0
-2
-1
-296.248
-296.248
-296.248
0
0
-299.512
-299.512
-299.512
0
0
0
0
-274.365
-338.044
-339.044
339.386
339.386
0
0
0
0
0
0
113.666
370.546
0
0
343.842
107.731
339.178
-236.451
1113.25
-1
366.278
374.444
-135.732
305.402
354.285
757.794
1207.54
374.177
718.145
363.485
736.963
745.407
165.931
775.565
755.981
1057.08
353.423
1029.03
720.295
0
695.323
0
1059.36
668.51
1377.77
0
0
334.485
1062.92
303.173
0
0
0
292.493
292.493
0
791.165
240.923
0
0
0
0
0
0
-203.246
-203.246
0
0
0
0
0
0
0
0
-207.261
-207.261
0
0
0
-280.474
0
0
0
0
0
-296.248
-296.248
-296.248
0
0
-299.512
-299.512
-300.512
-1
-275.365
-1
0
338.044
338.044
340.386
340.386
0
0
0
0
-256.88
0
370.546
370.546
0
111.395
444.568
-1
-1
744.245
742.516
116.571
-114.988
542.532
354.285
372.984
1121.08
840.165
374.177
1081.63
736.963
370.188
541.15
775.565
755.981
1057.08
1024.43
1061.56
352.266
0
695.323
345.403
1037.07
659.975
378.414
0
0
1168.34
0
0
0
0
292.493
0
516.044
516.044
0
0
0
0
0
0
203.246
203.246
0
0
0
0
0
0
0
0
0
-207.261
-207.261
0
0
0
-209.326
-279.474
-279.474
-279.474
0
0
0
0
0
0
-296.248
-297.248
-1
-1
0
-299.512
-299.512
-573.877
0
0
0
338.044
338.044
340.386
340.386
0
0
-1
-257.88
-1
369.546
-1
-231.446
-236.451
683.019
0
0
744.245
476.682
-94.051
514.207
381.832
560.914
1125.17
840.165
10.8151
1081.63
371.036
150.942
402.355
146.089
764.634
779.214
332.278
729.28
352.266
695.323
340.546
1378.97
656.601
1038.39
0
229.072
865.165
604.781
0
0
0
584.987
240.923
756.967
0
0
0
0
0
203.246
203.246
203.246
0
0
0
0
0
0
0
0
0
-207.261
-207.261
0
0
-209.326
-209.326
-209.326
0
0
0
0
-279.474
-279.474
-279.474
0
0
-2
-1
0
-296.248
-296.248
-296.248
0
0
-274.365
299.512
299.512
299.512
0
0
337.044
337.044
339.386
339.386
0
-256.88
0
0
370.546
139.099
-236.451
343.842
678.355
0
369.006
486.371
273.227
152.609
743.43
354.285
1171.05
186.302
-1074.26
-1071.61
371.036
-202.352
-655.722
-1975.69
384.071
449.908
-265.247
729.28
15.4927
695.323
332.505
1034.55
675.384
378.414
0
1502.82
303.173
0
0
0
533.416
516.044
275.121
0
0
0
203.246
203.246
203.246
0
0
0
0
0
0
0
0
0
0
-207.261
-207.261
0
-209.326
-209.326
-209.326
0
0
0
0
0
0
0
0
0
-1
-280.474
-280.474
-279.474
0
0
0
0
0
-296.248
-296.248
0
-549.73
-1
-1
298.512
298.512
299.512
0
338.044
338.044
680.772
83.5064
0
0
0
-231.446
134.094
370.546
343.842
683.019
-257.873
-119.765
504.918
547.991
1068.61
7.33727
727.269
433.041
-23.1563
-1407.36
168.08
-736.119
-268.635
-1975.69
719.572
-150.839
-629.108
744.772
46.2549
340.546
677.908
1361.16
717.793
0
563.557
604.781
0
0
533.416
533.416
275.121
275.121
0
203.246
203.246
203.246
0
0
0
0
0
0
0
0
0
0
0
-207.261
-207.261
-209.326
-209.326
-209.326
0
0
0
0
0
0
0
-519.039
-260.519
-260.519
-1
-1
0
0
0
0
-279.474
-279.474
-279.474
-1
-1
-1
-1
295.248
21.883
0
0
0
0
0
299.512
299.512
637.556
338.044
-256.88
340.386
340.386
0
-231.446
-236.451
370.546
0
0
425.146
210.229
744.245
973.882
-166.53
743.351
361.622
1672.36
-1225.86
-1688.84
-507.904
-736.119
-653.812
-1299.7
-472.993
153.393
414.726
-293.029
695.323
332.505
1031.52
339.379
378.414
458.143
939.266
0
240.923
240.923
567.614
275.121
203.246
203.246
203.246
0
0
0
0
0
0
0
0
0
0
0
0
207.261
207.261
-209.326
-209.326
0
0
0
0
0
0
0
0
0
0
-1
0
0
-259.519
-259.519
-259.519
-259.519
-1
-1
-1
-1
-1
-279.474
-279.474
-279.474
0
0
0
21.883
296.248
296.248
0
0
0
0
0
299.512
380.677
637.556
299.512
340.386
108.94
-236.451
0
370.546
370.546
424.146
444.889
223.68
954.359
579.619
-17.3516
7.33727
1075.94
-288.042
-610.392
-981.524
-379.4
-1372.75
93.6043
-728.724
17.7244
392.507
753.297
1005.56
-18.4416
1080.79
170.393
349.851
1242.44
301.609
481.846
567.614
567.614
406.493
203.246
0
0
0
0
0
0
0
0
0
0
0
0
0
207.261
207.261
209.326
209.326
0
0
0
0
0
0
0
0
0
0
0
-201.752
-531.93
0
0
-1
-1
-1
-1
-259.519
-259.519
-259.519
-259.519
0
0
0
0
279.474
279.474
279.474
-274.365
0
0
296.248
296.248
0
0
0
0
-257.88
-1
337.044
868.003
534.964
638.898
339.386
-1
-1
112.672
133.416
683.019
64.7874
1536.1
740.319
-757.82
7.33727
1090.71
191.287
-1379.38
-792.528
-1931.12
-140.064
399.19
-94.6571
747.283
376.249
322.104
342.37
1097.54
607.485
243.919
576.84
240.923
495.74
478.367
203.246
0
0
0
0
0
0
0
0
0
0
0
0
0
207.261
416.586
209.326
209.326
0
0
0
0
0
0
0
0
0
0
-201.752
-201.752
-201.752
0
-991.664
-520.766
-266.965
-265.965
-265.965
-265.965
-265.965
-265.965
0
0
0
-259.519
-259.519
-259.519
0
0
0
-1
278.474
4.10939
278.474
-1
-1
295.248
295.248
295.248
-1
-256.88
0
0
231.446
574.495
338.044
299.512
980.284
41.639
-238.13
369.546
683.019
575.207
185.879
1167.83
-364.483
-725.119
482.163
849.229
-168.564
-927.879
-942.149
293.592
635.951
267.322
1930.37
552.28
628.708
1099.58
590.774
275.231
1142.51
203.246
770.861
567.614
0
0
0
0
0
0
0
0
0
0
0
0
0
416.586
416.586
209.326
0
0
0
0
0
0
0
0
0
0
-201.752
-201.752
-201.752
0
0
0
-239.622
0
-241.531
-495.332
-495.332
-495.332
-253.801
-253.801
-253.801
-266.965
-266.965
-266.965
-266.965
-266.965
-266.965
258.519
258.519
258.519
0
0
-274.365
0
279.474
279.474
279.474
-1
-1
295.248
38.3684
295.248
-1
230.446
235.451
337.044
337.044
-1
81.5127
402.769
939.411
370.546
941.089
883.917
353.987
2076.68
-388.365
371.865
1157.4
734.677
-1796.8
-964.348
-360.974
998.162
1171.28
1661.55
1159.31
412.284
1515.18
1099.54
1047.18
275.121
567.614
0
0
0
0
0
0
0
0
0
0
0
0
209.326
209.326
416.586
207.261
0
0
0
0
0
0
0
0
0
-201.752
-201.752
-201.752
0
-239.622
-239.622
-239.622
-239.622
-239.622
0
-451.01
-226.005
-226.005
-226.005
-1
-242.531
-242.531
-242.531
-495.332
-495.332
-253.801
-253.801
-254.801
-254.801
264.965
264.965
264.965
524.485
524.485
250.12
258.519
-1
-1
-1
279.474
279.474
279.474
-256.88
296.248
296.248
231.446
236.451
0
0
338.044
80.1704
100.914
0
639.898
871.264
1009.24
1558.64
1486.76
1072.73
230.935
-702.941
2346.44
-1158.81
-2293.46
644.231
98.4592
2541.1
1376
1108.42
1563.77
446.793
853.802
1277.41
815.929
0
0
0
0
0
0
0
0
0
0
209.326
209.326
209.326
207.261
207.261
0
0
0
0
0
0
0
0
201.752
201.752
201.752
-239.622
-239.622
-239.622
-239.622
0
0
0
0
0
-238.955
-1
-1
-1
-1
-226.005
-226.005
-226.005
-226.005
-226.005
-1
-242.531
-242.531
-241.531
-241.531
253.801
253.801
253.801
253.801
253.801
253.801
-8.39986
525.485
525.485
525.485
525.485
265.965
265.965
22.5948
279.474
279.474
527.694
532.699
296.248
0
0
-1114.85
-207.19
338.044
338.044
231.366
751.968
1664.65
847.664
1739.52
657.296
89.7051
1714.76
-669.501
-1070.13
-390.486
1163.29
2030.28
701.313
649.686
1322.92
871.242
1116.06
744.151
217.496
0
0
0
0
0
0
0
0
209.326
418.651
0
207.261
207.261
0
0
0
0
0
0
0
201.752
201.752
441.374
239.622
239.622
239.622
-238.955
-238.955
-238.955
-238.955
-238.955
-238.955
-238.955
-238.955
-238.955
0
0
0
0
0
0
0
0
0
0
-225.005
-225.005
-225.005
-225.005
-225.005
241.531
241.531
241.531
241.531
0
0
-20.5642
253.801
253.801
253.801
253.801
513.32
259.519
268.605
525.485
265.965
776.886
1061.37
265.965
562.213
-355.298
-353.541
-412.659
-207.19
-207.19
468.898
24.1759
612.48
1495.49
916.336
1801.15
366.373
1602.15
-1295.71
-470.538
-122.832
1751.46
2027
820.709
1340.02
1295.25
1521.71
947.577
460.467
447.02
478.19
478.19
229.524
0
0
209.326
209.326
209.326
207.261
207.261
207.261
0
0
0
0
0
0
680.329
680.329
680.329
478.577
478.577
238.955
238.955
238.955
238.955
-210.377
-210.377
-210.377
-210.377
-210.377
-210.377
-210.377
-210.377
-210.377
-210.377
0
0
0
0
0
0
0
0
0
0
0
0
0
0
225.005
225.005
225.005
225.005
466.536
241.531
241.531
-32.834
241.531
0
0
0
253.801
253.801
-3.07879
513.32
981.218
736.48
1015.95
279.474
35.6034
-616.8
168.541
149.554
-146.694
265.965
569.409
314.757
204.393
676.684
1993.56
2798.04
-971.404
1950.4
1045.5
65.3218
1865.94
1855.67
1291.04
1682.3
1827.3
1061.35
682.6
683.656
248.665
0
0
0
209.326
209.326
0
0
446.216
446.216
238.955
238.955
238.955
478.577
478.577
680.329
890.706
890.706
210.377
210.377
210.377
210.377
210.377
210.377
210.377
210.377
210.377
0
0
0
0
0
0
0
0
0
0
-881.378
-440.689
-440.689
-222.249
-222.249
-222.249
-222.249
-222.249
-222.249
-222.249
-222.249
-222.249
-222.249
0
0
0
0
0
0
225.005
225.005
-323.725
225.005
466.536
241.531
241.531
241.531
0
-256.88
0
467.898
0
223.16
736.48
18.317
792.795
540.832
-112.36
156.377
-116.411
380.919
247.617
1218.84
1011.57
1394.27
2078.7
1771.8
674.406
-517.246
359.256
1134.38
718.58
2795.84
1195.06
1855.3
684.451
686.876
238.955
238.955
448.281
448.281
448.281
449.332
449.332
656.593
656.593
210.377
449.999
449.999
651.751
651.751
412.129
412.129
210.377
0
0
0
0
0
0
0
0
0
0
0
0
0
0
0
0
0
0
0
0
0
-433.285
-216.642
-216.642
-435.082
-218.44
-218.44
-218.44
-218.44
-218.44
-218.44
-218.44
-218.44
-218.44
222.249
222.249
222.249
222.249
222.249
222.249
222.249
222.249
222.249
-52.1157
222.249
447.254
447.254
447.254
688.785
209.656
241.531
709.429
241.531
0
-348.541
-857.514
223.16
0
489.044
122.883
579.93
985.721
654.647
779.573
1135.83
1303.89
1302.43
2062.95
1679.77
23.9032
912.319
1784.79
2373.65
1670.02
3766.68
902.841
1666.66
958.17
719.215
419.702
210.377
210.377
438.168
663.8
663.8
239.622
239.622
441.374
201.752
201.752
0
0
0
0
0
0
0
0
0
0
0
0
0
0
0
0
0
0
0
0
0
0
0
0
0
0
-441.661
-220.83
-220.83
-220.83
-216.642
-216.642
-216.642
-216.642
-216.642
-216.642
-216.642
-216.642
-216.642
218.44
218.44
218.44
218.44
218.44
218.44
218.44
218.44
218.44
-55.9252
0
0
0
0
0
-34.6303
447.254
915.152
676.778
918.31
423.306
693.305
-3.77745
992.293
648.656
874.828
671.581
290.028
805.863
995.331
1036.9
877.526
1328.34
1572.76
4447.01
1921.4
-871.491
3124.7
1446.64
2756.16
1847.13
918.618
1367.06
488.577
1027.71
1255.5
1474.41
1340.76
1112.97
636.388
0
403.41
403.504
0
0
0
0
0
0
0
0
0
0
0
0
0
0
0
0
0
0
0
0
0
0
0
0
0
0
0
0
0
0
0
0
0
-220.83
-220.83
-220.83
-220.83
-220.83
-220.83
-220.83
-220.83
-220.83
216.642
216.642
216.642
216.642
216.642
216.642
216.642
216.642
216.642
0
-55.9252
218.44
447.964
447.964
447.964
191.085
447.964
915.862
218.44
218.44
-308.183
193.385
193.385
895.46
788.45
582.078
263.208
713.82
0
-192.774
-163.504
301.451
1524.15
3309.13
1752.91
2699.94
1176.61
4463.38
2093.66
2624.01
1743.66
1614.04
1162.37
1162.37
1371.89
892.302
880.656
1209.05
1420.46
968.888
702.923
0
0
0
0
0
0
0
0
0
0
0
0
0
0
0
0
0
0
0
0
0
0
0
0
0
0
0
0
0
0
0
0
0
0
0
0
0
0
0
0
0
0
0
0
447.408
447.408
447.408
447.408
447.408
447.408
676.932
676.932
676.932
672.744
398.379
672.744
443.22
443.22
443.22
186.34
443.22
911.117
443.22
226.578
-45.8135
667.63
667.63
672.687
672.687
877.047
769.13
775.459
785.625
1335.06
629.858
293.371
440.133
20.6777
866.405
2964.86
7359.52
4563.23
1033.33
1572.21
1232.97
1473.95
584.342
243.956
428.401
872.549
665.288
1516.96
1102.24
674.943
0
0
0
0
0
0
0
0
0
0
0
0
0
0
0
0
0
0
0
0
0
0
0
0
0
0
0
0
0
0
0
0
-453.155
-226.578
-226.578
-226.578
-226.578
-226.578
-226.578
-226.578
-226.578
-226.578
-226.578
-226.578
-226.578
229.524
229.524
229.524
229.524
229.524
229.524
0
0
0
220.83
443.443
168.078
442.443
442.443
442.443
185.563
442.443
910.34
221.612
201.125
-42.231
215.642
456.565
457.565
216.642
-2.60428
-18.2237
426.059
657.425
-163.602
774.415
1259.42
252.523
1983.72
777.73
1184.56
3847.37
7603.1
2039.37
1396.4
854.941
1104.24
1275.66
1607.34
974.649
217.338
651.732
432.807
10.2871
0
0
0
0
0
0
0
0
0
0
0
0
0
0
0
0
0
0
0
0
0
0
0
0
0
0
0
0
0
0
0
0
0
0
0
0
0
0
0
0
-229.524
-229.524
-229.524
-229.524
-229.524
-230.524
221.612
221.612
221.612
221.612
221.612
221.612
221.612
221.612
221.612
221.612
-1
-274.365
0
0
0
-256.88
236.451
231.446
220.83
-274.173
220.83
461.754
220.83
439.737
439.737
1.2441
679.359
458.529
1150.38
2429.17
412.094
305.526
-1220.87
-53.1188
955.933
1291.83
6683.02
7352.28
2919.25
538.562
1832.57
2074.73
896.467
919.116
912.354
1454.4
760.484
218.44
218.44
-207.19
-414.379
0
0
0
0
0
0
0
0
0
0
0
0
0
0
0
0
0
0
0
0
0
0
0
0
0
0
0
0
0
0
0
-440.686
-450.367
-450.367
-672.98
-672.98
-672.98
-672.98
-443.455
-443.455
-443.455
-443.455
-443.455
-442.455
0
0
0
0
0
0
0
0
0
0
0
-274.365
0
0
0
-256.88
236.451
450.353
218.907
-55.2347
439.769
439.769
646.646
427.739
448.114
667.361
427.739
926.139
936.642
1502.73
1220.92
800.845
294.332
912.226
-758.163
699.334
2617.66
7555.36
1900.42
-458.148
-1527.21
674.043
1957.06
1798.6
1901.16
906.858
1041.55
816.548
701.143
224.982
0
-207.19
-207.19
-207.19
0
0
0
0
0
0
0
0
0
0
0
0
0
0
0
0
0
0
0
0
0
0
0
0
0
0
0
0
-1345.1
-443.024
-443.024
-220.412
-220.412
-220.412
-220.412
-220.412
-220.412
-220.412
-220.412
-220.412
-220.412
219.843
219.843
219.843
219.843
219.843
219.843
219.843
219.843
219.843
440.705
440.705
659.612
385.247
659.612
659.612
402.732
896.063
672.151
440.705
-275.16
219.843
219.843
428.261
428.261
412.68
1117.28
907.955
630.386
1646.62
1412.61
1021.08
-869.884
1352.89
1148.64
951.279
2259.95
3765.34
4203.24
5260.84
161.39
-1314.95
-485.995
253.362
1202.81
1122.28
1579.42
1485.76
1414.51
1026.77
225.005
0
0
0
0
-207.19
-207.19
-207.19
0
0
0
0
0
0
0
0
0
0
0
0
0
0
0
-218.354
-218.354
-218.354
-218.354
-218.354
-218.354
-218.354
-218.354
-218.354
-218.354
-1
-1
-1
-1
-1
-1
-1
-1
-1
-1
-1
-1
-1
440.274
440.274
440.274
440.274
440.274
659.181
659.181
659.181
659.181
438.319
438.319
219.412
-54.9528
219.412
219.412
-37.4674
455.863
450.859
185.948
165.204
423.078
423.078
423.078
203.831
928.427
881.19
881.19
1129.85
1852.7
669.483
222.001
361.49
-1530.45
1516.59
1877.63
3288
5726.29
3512.09
2589.87
2349.96
-322.894
-1401.02
-701.967
192.175
-14.4538
709.541
527.324
1299.21
1016.97
0
0
0
0
0
0
0
0
-207.19
-207.19
-207.19
0
218.354
218.354
218.354
218.354
218.354
218.354
218.354
218.354
218.354
218.354
218.354
-208.669
-208.669
-208.669
-208.669
-208.669
-208.669
-208.669
-208.669
-208.669
-208.669
0
0
0
0
-220.862
-220.862
-220.862
-220.862
-220.862
-220.862
-220.862
-220.862
-220.862
218.907
218.907
218.907
218.907
218.907
0
0
0
0
0
0
0
203.666
-345.065
203.666
203.666
183.237
435.112
-495.003
0
0
0
452.36
666.351
711.582
457.335
888.158
1625.1
928.43
-457.523
621.978
-247.031
-811.122
2457.72
-102.992
3302.88
6623.34
2615.3
4117.29
2427.56
99.3712
-468.823
-1476.47
-933.82
208.669
-26.1968
344.349
-278.16
283.564
619.087
427.023
427.023
427.023
427.023
427.023
427.023
427.023
427.023
427.023
427.023
219.834
1.4797
1.4797
208.669
208.669
208.669
208.669
208.669
208.669
208.669
208.669
208.669
0
0
0
0
0
0
0
0
0
0
-441.723
-220.862
-220.862
-220.862
0
0
0
0
-218.907
-218.907
-218.907
-218.907
-218.907
0
0
0
0
0
0
203.666
203.666
203.666
203.666
203.666
203.666
0
-274.365
0
0
-20.4284
231.446
-270.435
452.36
452.36
677.341
5.73491
473.647
473.647
426.733
786.558
824.716
459.64
-684.495
450.366
-461.994
-613.3
2848.28
-720.845
2736.07
4531.08
3725.4
3376.93
1268.07
2094.66
282.044
-110.317
-807.705
-128.412
441.336
853.996
1224.54
645.578
-234.866
-263.149
-263.149
-486.829
0
0
0
0
0
0
0
0
0
0
-207.19
-207.19
-207.19
0
0
0
0
0
0
0
0
0
0
0
0
0
0
0
0
0
0
-218.907
-218.907
-218.907
-218.907
-218.907
-218.907
0
0
0
0
0
0
203.666
203.666
203.666
203.666
203.666
0
0
0
0
0
0
0
0
-49.3835
449.55
429.122
892.005
643.038
445.328
445.328
220.347
249.766
469.012
437.824
1309.28
976.774
827.715
-744.966
1245.51
87.0115
-5.15564
363.437
2216.57
-585.638
2137.56
3757.42
3624.06
1667.21
1088.32
2482.93
48.8589
-752.746
-1145.62
-930.201
-761.917
-1173.86
0
208.418
415.295
415.295
638.974
415.295
-71.5341
-71.5341
-26.4484
-234.866
0
0
0
0
0
0
0
0
0
-207.19
-207.19
-207.19
0
0
0
0
0
0
0
0
0
0
0
0
0
-437.814
-218.907
0
0
0
0
0
0
0
-203.666
-203.666
-203.666
-203.666
-203.666
220.347
220.347
220.347
220.347
220.347
220.347
445.328
445.328
445.328
445.328
445.328
669.897
669.897
398.342
684.589
191.259
-5.68353
-257.873
0
248.665
29.4186
434.953
435.831
218.354
0
689.656
-50.3737
-151.264
538.214
-1478.86
265.107
993.904
1369.25
465.685
1719.83
3948.13
1846.81
1745.96
1084.42
709.488
679.605
1320.11
-771.844
-24.666
-1295.88
-753.259
-761.2
-761.2
0
0
0
223.68
223.68
-251.963
-45.0856
163.332
180.429
180.429
180.429
-26.4484
208.418
208.418
208.418
0
0
0
0
0
207.19
207.19
207.19
0
0
0
0
0
0
0
0
0
0
-440.694
-220.347
-220.347
-424.013
-424.013
-424.013
-424.013
-424.013
-424.013
-220.347
-220.347
-220.347
-220.347
-220.347
224.982
224.982
224.982
224.982
224.982
224.982
0
224.568
224.568
224.568
452.36
227.791
227.791
0
-37.9139
-256.88
-263.557
248.665
466.142
-1.76994
-1.76994
0
0
0
0
-324.213
-408.733
-319.586
-446.862
-343.162
159.02
1219.1
517.123
1150.28
1967.51
2257.28
3668.21
-472.825
2096.42
553.494
1445.9
465.87
351.798
-1105.53
-172.242
-1307.26
-783.93
0
-761.2
-761.2
-348.541
0
0
223.68
223.68
0
-251.963
-251.963
-251.963
206.877
-27.9888
-27.9888
-27.9888
180.429
415.295
208.418
208.418
208.418
208.418
208.418
0
207.19
207.19
207.19
0
0
0
0
0
0
0
-407.331
-203.666
-203.666
0
0
0
0
0
-224.982
-224.982
-224.982
-224.982
-224.982
-224.982
0
0
0
0
224.568
224.568
224.568
227.791
227.791
227.791
0
0
0
0
179.563
-276.533
688.38
217.477
0
-219.247
0
0
0
0
209.735
-321.738
-1797.67
0
-446.862
-8.67727
163.405
1329.26
2.65885
2134.98
2028.76
2167.75
2484.44
910.333
1457.53
148.725
1918.18
-1060.87
1193.39
-1035.74
0
-1124.7
-917.004
-783.93
0
0
-412.659
-761.2
-348.541
0
223.68
0
0
0
0
-251.963
-251.963
0
0
0
-234.866
-27.9888
-27.9888
206.877
206.877
206.877
-208.418
-208.418
-208.418
-208.418
-1.22801
-1.22801
-1.22801
0
0
0
0
-1
-225.982
-225.982
-224.982
-224.982
-224.982
-224.982
-224.982
0
0
0
0
0
0
0
224.568
224.568
224.568
227.791
227.791
227.791
0
0
0
0
217.477
217.477
217.477
210.751
-245.344
-26.427
0
-219.247
0
0
0
209.735
-47.8991
-805.313
-281.695
-1234.28
-339.038
-770.319
19.9313
988.872
246.56
487.936
2004.01
2154.75
1128.43
2723.45
1164.29
147.235
1197.67
165.701
-753.541
-1395.84
-374.495
-1035.74
444.283
-902.203
-753.259
-393.672
-393.672
0
-412.659
-412.659
-697.082
-348.541
223.68
223.68
0
0
0
0
-251.963
-251.963
-251.963
0
0
0
234.866
234.866
234.866
-206.877
-206.877
-206.877
-206.877
-206.877
0
0
-1.22801
-1.22801
-1.22801
-208.418
-448.963
0
0
-1
-1
-1
-1
-1
-1
-1
-1
0
-224.568
-224.568
-224.568
227.791
227.791
227.791
0
0
0
0
217.477
217.477
217.477
0
248.665
248.665
236.451
-768.375
-26.427
0
-219.247
0
209.735
209.735
0
-531.474
-300.177
-1515.97
0
-1010.51
-413.405
204.844
240.315
-510.951
-721.668
1686.28
770.782
-693.389
2135.02
492.172
-1024.37
656.064
564.88
209.331
-1087.18
-348.137
-1480.03
-742.171
665.406
-316.041
-753.259
-390.258
-393.672
-393.672
0
-412.659
-412.659
-348.541
-348.541
223.68
223.68
0
0
0
0
0
-251.963
-251.963
0
0
0
0
234.866
234.866
234.866
234.866
0
-206.877
-206.877
-206.877
-206.877
-206.877
0.312354
-1
0
0
0
0
0
0
0
0
-224.568
-224.568
-225.568
-228.791
-228.791
-228.791
-1
-1
-1
0
217.477
217.477
217.477
0
0
248.665
248.665
0
0
-0.678677
-789.118
231.446
0
-219.247
209.735
209.735
0
-257.634
-273.839
-1216.48
-926.032
-339.038
-671.467
-211.747
266.297
-465.665
323.01
-583.455
687.366
-60.3476
-1172
1647.32
457.045
-738.553
147.973
134.264
490.455
-1087.18
-348.137
0
-1480.03
0
-94.9182
-297.589
0
-390.258
-393.672
0
0
0
-412.659
-412.659
-348.541
-124.861
-348.541
0
0
0
0
0
0
251.963
251.963
0
0
0
0
0
0
234.866
234.866
234.866
234.866
0
0
0
0
0
0
0
1
-224.568
-225.568
-225.568
-225.568
-228.791
-227.791
-227.791
0
0
0
0
217.477
217.477
216.477
-1
-1
-1
-1
247.665
247.665
-1
0
0
-0.678677
-514.753
-42.9187
-9.51129
209.735
0
0
-515.269
-273.839
-589.942
-618.468
-307.564
-137.38
-469.809
-222.432
-484.377
-107.624
323.01
-586.14
269.472
-60.3476
-1172
1647.32
457.045
-663.141
72.5614
0
564.88
-334.879
-333.637
-348.137
-737.857
-742.171
0
-332.573
81.2818
-308.976
0
-393.672
-393.672
0
0
0
-825.319
0
223.68
-124.861
-348.541
0
0
0
0
0
0
251.963
251.963
251.963
0
0
0
0
0
0
0
234.866
234.866
234.866
1
1
-223.568
-223.568
-224.568
0
-226.791
-226.791
-226.791
1
-1
-1
-1
-218.477
-218.477
-217.477
0
0
0
0
0
248.665
248.665
0
0
0
-1
235.451
-238.13
-306.018
165.817
-220.247
-1
-1
-257.634
0
-874.193
-626.538
-589.259
-678.076
-445.713
-884.767
217.496
-484.377
334.842
111.487
-158.316
-165.952
90.7788
-1173.38
1274.24
457.045
-311.178
-499.666
220.264
377.449
414.565
-877.847
-348.137
-363.362
-763.08
-353.586
-366.959
-539.201
-363.001
54.0254
54.0254
0
-393.672
-393.672
0
0
-412.659
-412.659
0
223.68
-348.541
-348.541
0
0
0
0
0
0
0
251.963
251.963
0
0
0
0
0
0
0
0
-449.137
-224.568
0
-227.791
-226.791
-226.791
1
1
0
0
-216.477
-216.477
-216.477
0
0
-1
-1
-1
-1
247.665
247.665
0
0
0
0
0
0
683.316
467.609
0
269.079
274.365
0
-257.634
-1
-575.016
-290.765
-336.773
-726.639
-122.027
-142.938
-222.432
0
-359.063
426.446
412.209
-238.323
57.9533
-133.126
-1173.38
1274.24
0
258.083
-539.591
147.973
-122.503
891.693
-931.823
-681.774
0
-1126.44
-728.08
0
206.629
-745.83
-363.001
-169.135
667.443
0
0
-787.345
0
0
0
-412.659
-412.659
-223.68
0
348.541
348.541
0
0
0
0
0
0
0
251.963
251.963
251.963
0
0
0
0
0
-227.791
-227.791
-227.791
0
0
0
0
-217.477
-216.477
-216.477
1
1
0
1
1
1
0
0
248.665
0
0
-1
-1
-1
-1
-1
209.735
683.316
257.873
-219.247
269.079
274.365
0
-257.634
-300.177
-563.604
-135.115
-105.906
-928.297
-323.686
-239.996
-330.217
216.918
-363.474
103.114
732.563
-459.038
57.9533
-133.126
-1173.38
1274.24
0
-213.101
-297.828
377.394
-349.636
507.956
40.6338
-511.919
-348.137
-363.362
-388.585
-1081.67
0
-539.201
-378.871
-726.003
-390.258
54.0254
444.283
0
-393.672
-393.672
0
0
0
-412.659
-223.68
-223.68
0
348.541
348.541
0
0
0
0
0
0
0
0
251.963
251.963
251.963
0
0
-227.791
0
0
0
-217.477
-217.477
-217.477
0
0
0
0
0
1
1
2
0
1
-247.665
1
0
0
0
0
0
209.735
209.735
-1
472.581
256.873
-220.247
487.326
-1
-240.904
0
-863.781
-289.765
-135.115
-928.297
0
-118.842
-227.922
-113.3
-142.989
-223.464
347.183
501.621
-235.696
-165.389
106.276
-1177.35
808.652
230.155
113.37
-624.299
377.394
0
-255.944
1039.13
-884.926
-263.112
0
-1115.31
-374.495
-353.586
0
-160.331
-378.871
-363.001
-390.258
0
444.283
444.283
0
-393.672
-393.672
0
0
412.659
0
-223.68
0
0
348.541
348.541
348.541
0
0
0
0
0
0
0
251.963
251.963
0
-216.477
-217.477
-217.477
-217.477
0
0
0
0
0
0
0
0
0
0
0
-247.665
-247.665
1
1
1
1
1
209.735
209.735
0
0
237.13
494.325
-219.247
0
488.326
-257.634
273.365
-601.354
-636.785
-136.115
-308.564
-620.733
-106.19
422.339
-775.635
0
-142.989
7.47837
106.014
-59.6722
-100.771
-165.389
106.276
-1177.35
565.49
473.317
113.37
-272.336
111.309
143.543
-122.503
280.822
40.3317
-518.999
-138.806
0
-751.947
-728.08
0
-160.331
-172.242
0
-363.001
-390.258
0
0
665.406
0
0
-393.672
0
0
412.659
188.98
-223.68
0
0
0
0
348.541
348.541
0
0
0
0
0
0
0
251.963
-217.477
1
1
1
0
0
0
0
0
0
0
0
0
-248.665
-248.665
0
0
0
0
1
210.735
210.735
3
1
0
0
237.13
494.325
-219.247
0
230.692
0
-98.5185
-87.5807
-336.773
-336.773
-646.602
-281.695
98.6538
-445.418
-330.217
0
-809.552
674.042
309.675
-263.333
-100.771
-165.389
106.276
-1177.35
332.254
706.553
-100.886
294.997
-705.04
377.394
-349.636
306.007
40.3317
-185.362
-472.443
-348.137
-751.947
-763.08
-353.586
0
-527.29
-378.871
-363.001
-363.001
-780.516
0
0
-2.03696
221.123
0
393.672
0
0
0
412.659
188.98
-223.68
0
0
0
0
348.541
697.082
0
0
0
0
0
0
0
0
0
0
1
1
0
0
0
0
0
-248.665
-248.665
0
0
0
0
0
-209.735
-209.735
0
0
0
1
2
2
239.13
275.078
0
-257.634
230.692
-300.177
201.658
-289.239
-336.773
0
-928.297
422.339
314.994
-662.336
-330.217
214.712
-581.588
426.368
114.672
-244.334
-119.769
70.0551
-129.168
-449.592
-22.4247
333.469
-100.886
54.136
-464.179
377.394
0
-474.246
430.617
-347.282
-131.386
-138.806
-363.362
-388.585
-748.989
-353.586
0
-539.201
-378.871
0
-363.001
-390.258
0
0
-223.16
-2.03696
221.123
393.672
393.672
0
0
0
825.319
-223.68
0
0
0
0
0
348.541
348.541
0
0
0
0
0
0
0
0
0
0
1
1
1
0
-248.665
-248.665
0
0
0
0
-209.735
-209.735
0
0
0
0
0
0
0
237.13
236.451
40.6267
-255.634
2
390.807
-388.283
-563.604
-62.4078
0
-985.64
-281.695
315.571
0
-662.336
-330.217
214.712
-581.588
106.014
105.72
151.391
-186.189
70.0551
-129.168
-214.96
-257.057
333.469
242.789
-529.429
127.675
102.152
-76.7208
-122.503
78.8729
252.646
-314.689
-348.137
209.331
-363.362
-388.585
-728.08
-353.586
-160.331
0
-378.871
-363.001
0
-390.258
0
0
0
-223.16
-2.03696
0
393.672
393.672
0
0
188.98
188.98
0
0
0
0
0
0
348.541
348.541
348.541
0
0
0
0
0
0
0
0
0
-247.665
-247.665
1
0
0
0
-209.735
-209.735
0
0
0
0
0
0
0
0
0
237.13
275.078
0
-55.9761
-98.5185
489.326
-287.765
-271.839
-336.773
-64.6728
-90.0688
574.48
-323.686
-314.554
-677.999
214.712
-435.28
74.4074
88.9594
120.215
-66.7637
-186.189
70.0551
-129.168
-214.96
-257.057
333.469
242.789
-202.958
-198.796
-118.112
143.543
-349.636
93.6927
-153.613
18.6454
70.8656
-138.806
-154.031
-388.585
-374.495
-353.586
0
-160.331
-378.871
0
-363.001
0
390.258
0
0
0
0
-667.443
0
0
787.345
0
0
0
188.98
188.98
0
0
0
0
0
0
0
348.541
1
1
1
0
0
0
-248.665
-248.665
0
0
0
1
-208.735
-209.735
0
0
0
0
0
0
0
0
0
0
0
237.13
275.078
-257.634
201.658
-300.177
198.561
-273.839
-336.773
0
-372.237
357.562
0
-323.686
-662.336
-330.217
214.712
-223.546
68.3262
-116.693
120.215
-66.7637
37.7162
-153.85
-129.168
-214.96
-257.057
333.469
0
-100.886
294.997
-471.189
143.543
-349.636
-124.61
430.617
-551.592
-129.327
-145.886
209.331
-363.362
-388.585
-374.495
-353.586
-366.959
-206.629
-378.871
0
363.001
0
390.258
0
0
0
0
-444.283
-444.283
0
393.672
393.672
0
0
0
188.98
412.659
0
0
0
0
0
0
0
0
0
2
0
-497.331
0
0
0
0
0
-209.735
-209.735
1
1
1
0
0
0
0
0
0
0
0
237.13
219.247
953.617
201.658
-300.177
0
198.561
-273.839
-336.773
-339.038
126.849
197.514
-323.686
0
-662.336
-115.505
230.942
-454.488
68.3262
-116.693
120.215
-66.7637
37.7162
-153.85
-129.168
-214.96
-257.057
333.469
0
-100.886
54.136
-464.179
454.115
-76.7208
-122.503
-133.441
-153.613
18.6454
-131.386
-348.137
-154.031
-388.585
-374.495
-353.586
0
-366.959
-206.629
378.871
0
363.001
0
780.516
0
0
0
0
0
-444.283
-444.283
0
393.672
393.672
0
-223.68
188.98
412.659
0
0
0
0
0
0
0
0
-248.665
-247.665
1
1
0
0
-209.735
-209.735
0
0
0
0
0
1
1
1
0
0
0
0
0
237.13
678.539
494.325
300.177
0
-289.765
214.487
-336.773
0
94.7974
319.619
267.035
-323.686
-314.554
-133.07
-115.505
153.363
-62.5779
205.653
101.462
-7.78074
-156.923
37.7162
-153.85
-129.168
-214.96
-257.057
90.3069
243.162
-100.886
54.136
-112.216
-118.112
143.543
-122.503
-133.441
-153.613
-185.664
72.622
-145.886
209.331
-363.362
-388.585
-374.495
-353.586
0
160.331
0
378.871
363.001
0
0
390.258
0
0
0
0
0
0
-665.406
-223.16
0
393.672
0
0
-223.68
188.98
412.659
0
0
0
0
-248.665
-248.665
0
0
0
0
-208.735
-208.735
0
0
0
0
0
0
0
0
0
0
1
1
0
0
0
254.718
515.508
536.628
0
289.765
0
-42.3929
-79.8933
95.3753
114.775
-281.695
0
-49.3205
-314.554
-463.287
230.942
123.927
-510.09
-116.693
218.155
-7.78074
-156.923
-163.182
47.048
-129.168
-214.96
117.412
88.9218
-129.921
-100.886
-185.754
127.675
-118.112
143.543
-349.636
-124.61
430.617
-753.541
72.622
0
-145.886
-154.031
-179.254
0
374.495
353.586
0
160.331
378.871
0
363.001
363.001
0
390.258
0
0
0
0
0
0
-444.283
-444.283
393.672
393.672
0
0
0
-223.68
412.659
412.659
0
-497.331
0
0
0
0
-209.735
-209.735
0
0
1
1
1
0
0
0
0
0
0
0
0
0
2
-200.658
293.106
476.881
257.873
536.628
289.765
0
273.839
568.219
690.715
-121.542
-102.721
-281.695
-323.686
274.365
-662.336
-115.505
230.942
-233.773
-152.389
-116.693
-111.151
90.1594
74.4424
-163.182
286.451
-133.142
-450.389
117.412
88.9218
-129.921
-100.886
-73.5396
368.537
-471.189
220.264
-76.7208
-122.503
-133.441
-153.613
-387.613
276.932
-145.886
202.251
572.693
388.585
0
374.495
353.586
160.331
-206.629
378.871
378.871
363.001
0
390.258
390.258
0
0
0
0
0
0
0
-444.283
-444.283
393.672
393.672
0
-223.68
-223.68
0
825.319
-247.665
0
0
0
-209.735
-209.735
0
0
0
0
0
0
1
1
0
0
0
0
0
0
0
-201.658
0
715.011
301.177
795.501
0
289.765
0
273.839
785.137
813.413
512.408
0
-281.695
-323.686
-314.554
141.295
-99.2749
-87.8063
-145.967
-152.389
-116.693
-111.151
90.1594
74.4424
-163.182
286.451
-133.142
-450.389
117.412
-144.314
103.314
-100.886
-73.5396
127.676
-112.216
102.152
-76.7208
-122.503
-133.441
-153.613
-387.613
-131.688
204.31
550.388
363.362
597.916
0
374.495
353.586
0
160.331
0
378.871
0
363.001
0
0
390.258
0
0
0
0
0
0
0
0
-444.283
-444.283
393.672
393.672
0
-223.68
-223.68
0
1
-208.735
-209.735
0
0
0
0
0
0
0
0
0
0
2
1
0
0
0
0
-201.658
-201.658
257.634
456.377
300.177
494.325
290.765
1
273.839
553.691
231.446
813.413
512.408
281.695
323.686
0
-314.554
141.295
-99.2749
123.927
-152.048
-154.381
-102.199
-105.963
81.0496
-139.79
72.2626
51.0064
-133.142
-450.389
117.412
-144.314
103.314
-100.886
-73.5396
127.676
-112.216
-118.112
143.543
-349.636
-124.61
218.303
578.241
387.613
739.896
348.137
202.251
572.693
388.585
0
374.495
353.586
366.959
-206.629
0
378.871
0
726.003
0
390.258
390.258
0
0
0
0
0
0
0
0
-221.123
-444.283
393.672
393.672
0
0
-210.735
-209.735
0
1
1
0
0
0
0
0
0
0
0
0
0
0
1
1
-201.658
-201.658
0
515.269
219.247
537.307
257.873
526.216
289.765
0
57.9216
337.773
787.98
769.288
0
281.695
323.686
314.554
562.494
835.525
0
123.927
-152.048
-154.381
-102.199
-105.963
81.0496
84.1148
-151.642
51.0064
-133.142
-450.389
117.412
-144.314
103.314
-343.675
-62.0442
358.969
-112.216
-118.112
220.264
535.563
576.77
570.046
578.241
387.613
535.586
204.31
550.388
363.362
597.916
0
374.495
353.586
353.586
733.919
-206.629
378.871
0
0
363.001
0
0
390.258
0
0
0
0
0
0
0
0
-223.16
-444.283
-221.123
393.672
393.672
-208.735
-1
0
0
1
0
0
0
0
0
0
0
0
0
0
0
0
-201.658
1
1
258.634
219.247
1056.73
0
547.638
236.451
0
56.9216
336.773
-217.496
365.64
564.444
0
605.381
0
314.554
562.494
561.159
803.602
569.434
563.694
524.014
218.155
113.934
-138.847
84.1148
-151.642
51.0064
-133.142
-450.389
117.412
-144.314
-139.848
-100.513
-62.0442
231.293
1021.48
586.928
572.227
535.563
576.77
570.046
578.241
0
387.613
739.896
348.137
202.251
363.362
179.254
0
748.989
353.586
0
160.331
0
378.871
378.871
0
363.001
0
390.258
0
0
0
0
0
0
0
0
0
0
-223.16
-444.283
-221.123
0
1
-1
-1
0
1
1
0
0
0
0
0
0
0
0
0
-201.658
-201.658
0
0
257.634
520.423
238.13
0
547.638
236.451
-433.835
273.839
119.277
134.194
231.446
564.444
281.695
323.686
314.554
214.712
578.724
330.217
1015.34
563.353
358.042
524.014
547.46
796.319
585.388
842.357
624.739
607.973
781.849
234.632
470.706
583.449
607.705
616.246
586.464
536.126
780.617
593.938
806.078
535.563
349.636
578.877
218.303
578.241
387.613
535.586
204.31
348.137
161.111
388.585
-209.331
0
374.495
353.586
366.959
-413.257
0
378.871
0
363.001
363.001
0
390.258
390.258
0
0
0
0
0
0
0
0
0
0
-223.16
-2
0
1
-1
-1
0
0
1
1
0
0
0
0
0
-201.658
-201.658
0
0
0
257.634
219.247
300.177
237.13
290.765
259.873
19.5336
273.839
336.773
-217.496
134.194
539.011
256.88
281.695
323.686
314.554
562.494
230.942
550.932
520.255
837.718
561.702
538.508
552.648
572.976
585.388
842.357
624.739
607.973
781.849
234.632
810.205
583.449
607.705
616.246
586.464
536.126
780.617
593.938
585.815
220.264
535.563
576.77
570.046
578.241
387.613
333.637
-201.949
143.827
0
161.111
179.254
0
374.495
0
353.586
366.959
-206.629
0
378.871
0
0
363.001
0
0
390.258
0
0
0
0
0
0
0
0
0
0
0
-1
-2
0
1
-1
0
0
0
1
1
0
0
-201.658
0
0
0
0
515.269
0
519.423
474.26
289.765
547.638
-433.835
237.451
611.612
119.277
473.232
0
539.011
256.88
605.381
0
99.8418
116.84
330.217
529.237
211.734
837.718
561.702
538.508
552.648
572.976
585.388
610.992
624.739
607.973
580.951
234.632
810.205
583.449
607.705
616.246
586.464
536.126
780.617
593.938
233.851
572.227
535.563
576.77
570.046
365.927
-212.314
387.613
131.688
0
143.827
161.111
388.585
179.254
0
374.495
353.586
366.959
-206.629
0
0
378.871
0
363.001
0
0
390.258
0
0
0
0
0
0
0
0
0
0
0
0
0
-1
-2
1
-1
0
0
0
1
1
-201.658
-201.658
0
0
0
257.634
0
819.6
0
237.13
289.765
40.9557
236.451
547.679
119.277
121.542
-204.844
307.564
231.446
538.575
323.686
314.554
-214.712
116.84
109.502
96.7878
152.048
0
1110.43
538.508
552.648
572.976
585.388
610.992
624.739
607.973
580.951
234.632
810.205
583.449
607.705
616.246
586.464
536.126
239.89
781.589
586.928
572.227
306.142
120.215
124.61
-218.303
153.613
387.613
333.637
-201.949
143.827
363.362
-202.251
179.254
-209.331
374.495
0
707.172
366.959
160.331
0
378.871
378.871
0
363.001
363.001
0
390.258
390.258
0
0
0
0
0
0
0
0
0
0
0
0
0
-4
1
0
-1
0
-201.658
-201.658
1
1
0
0
257.634
0
300.177
219.247
237.13
289.765
-216.918
257.873
0
393.117
0
-70.6497
0
307.564
0
538.575
323.686
99.8418
-230.942
347.782
109.502
96.7878
152.048
-203.66
734.605
-223.343
109.409
138.847
371.156
610.992
624.739
607.973
580.951
234.632
810.205
583.449
607.705
616.246
586.464
304.833
-231.293
515.094
112.216
118.112
-220.264
76.7208
122.503
133.441
365.927
175.3
0
131.688
348.137
143.827
524.473
-202.251
388.585
-209.331
374.495
374.495
353.586
160.331
0
0
378.871
0
0
363.001
0
0
390.258
0
0
0
0
0
0
0
0
0
0
0
0
0
0
-2
-2
1
-201.658
0
0
0
0
1
258.634
257.634
300.177
0
219.247
526.895
-433.835
0
257.873
273.839
119.277
134.194
0
0
307.564
0
605.381
256.88
99.8418
116.84
-220.715
638.739
-211.734
152.048
154.381
102.199
380.328
-219.897
138.847
147.251
151.642
149.892
133.142
110.89
-236.76
339.499
119.348
144.314
139.848
100.513
62.0442
-231.293
300.837
112.216
-233.851
131.699
306.142
-106.918
133.441
365.927
-212.314
387.613
333.637
-201.949
143.827
0
161.111
388.585
-209.331
0
374.495
353.586
0
160.331
-206.629
0
378.871
0
0
363.001
0
0
390.258
390.258
0
0
0
0
0
0
0
0
0
0
0
0
0
0
0
0
0
0
0
0
0
0
0
0
0
0
0
0
0
0
0
0
0
0
0
0
0
0
0
0
0
0
0
0
0
0
0
0
0
0
0
0
0
0
0
0
0
0
0
0
0
0
0
0
0
0
0
0
0
0
0
0
0
0
0
0
0
0
0
0
0
0
0
0
0
0
0
0
0
0
0
0
0
0
0
0
0
0
0
0
0
0
0
0
0
0
0
0
0
0
0
0
0
0
0
0
0
0
0
0
0
0
0
0
0
0
0
0
0
0
0
0
0
0
0
0
0
0
0
0
0
0
0
0
0
0
0
0
0
0
0
0
0
0
0
0
0
0
0
0
0
0
0
0
0
0
0
0
0
0
0
0
0
0
0
0
0
0
0
0
0
0
0
0
0
0
0
0
0
0
0
0
0
0
0
0
0
0
0
0
0
0
0
0
0
0
0
0
0
0
0
0
0
0
0
0
0
0
0
0
0
0
0
0
0
0
0
0
0
0
0
0
0
0
0
0
0
0
0
0
0
0
0
0
0
0
0
0
0
0
0
0
0
0
0
0
0
0
0
0
0
0
0
0
0
0
0
0
0
0
0
0
0
0
0
0
0
0
0
0
0
0
0
0
0
0
0
0
0
0
0
0
0
0
0
0
0
0
0
0
0
0
0
0
0
0
0
0
0
0
0
0
0
0
0
0
0
0
0
0
0
0
0
0
0
0
0
0
0
0
0
0
0
0
0
0
0
0
0
0
0
0
0
0
0
0
0
0
0
0
0
0
0
0
0
0
0
0
0
0
0
0
0
0
0
0
0
0
0
0
0
0
0
0
0
0
0
0
0
0
0
0
0
0
0
0
